Case #1: 7 2 4 4 7 8 8 8 
Case #2: 4 2 10 14 15 
Case #3: 3 5 16 20 
Case #4: 6 2 5 7 9 9 9 
Case #5: -1
Case #6: 4 3 7 15 16 
Case #7: 6 2 7 7 8 8 9 
Case #8: 7 2 4 6 6 6 8 9 
Case #9: 5 3 6 8 10 14 
Case #10: 27 1 1 1 1 1 1 1 1 1 1 1 1 1 1 1 1 1 1 1 1 1 1 1 1 1 1 15 
Case #11: 5 2 3 8 11 17 
Case #12: 6 4 4 6 8 8 11 
Case #13: 5 2 7 7 10 15 
Case #14: 5 2 7 9 10 13 
Case #15: -1
Case #16: -1
Case #17: 4 4 6 9 22 
Case #18: -1
Case #19: 4 7 9 10 15 
Case #20: 9 2 3 4 4 4 5 5 6 8 
Case #21: 8 2 5 5 5 5 5 5 9 
Case #22: 7 2 3 5 6 8 8 9 
Case #23: 7 3 4 6 6 7 7 8 
Case #24: 6 3 5 6 7 10 10 
Case #25: 4 1 3 8 29 
Case #26: -1
Case #27: 4 4 7 15 15 
Case #28: 8 3 4 5 5 6 6 6 6 
Case #29: 10 3 3 3 3 3 3 5 6 6 6 
Case #30: 7 2 5 5 6 7 7 9 
Case #31: 7 4 5 5 5 6 8 8 
Case #32: 6 2 6 7 8 8 10 
Case #33: 6 2 4 6 9 9 11 
Case #34: 9 2 3 4 4 4 4 4 8 8 
Case #35: 4 5 9 9 18 
Case #36: -1
Case #37: 5 2 5 6 9 19 
Case #38: 6 4 5 7 8 8 9 
Case #39: 6 1 3 7 7 7 16 
Case #40: 10 1 1 1 1 1 1 1 1 4 29 
Case #41: 6 2 6 6 7 9 11 
Case #42: 6 2 4 6 8 9 12 
Case #43: 6 2 3 5 5 9 17 
Case #44: 13 1 1 1 1 1 1 1 1 1 1 1 1 29 
Case #45: 5 5 6 7 9 14 
Case #46: 8 2 3 5 5 5 6 7 8 
Case #47: 7 2 4 6 6 7 8 8 
Case #48: -1
Case #49: 7 2 3 4 6 7 8 11 
Case #50: 5 5 8 8 9 11 
Case #51: 7 3 5 6 6 6 7 8 
Case #52: -1
Case #53: 6 2 6 7 7 9 10 
Case #54: 4 3 3 16 19 
Case #55: 5 6 7 8 10 10 
Case #56: 5 1 5 5 15 15 
Case #57: 17 1 1 1 1 1 1 1 1 1 1 1 1 1 1 1 3 23 
Case #58: 6 1 3 9 9 9 10 
Case #59: 7 2 3 3 5 6 9 13 
Case #60: 5 1 9 10 10 11 
Case #61: 8 3 3 3 5 6 6 6 9 
Case #62: 5 4 7 7 7 16 
Case #63: -1
Case #64: 4 7 8 10 16 
Case #65: -1
Case #66: 7 2 4 5 5 7 8 10 
Case #67: -1
Case #68: -1
Case #69: -1
Case #70: 4 1 1 3 36 
Case #71: 15 1 1 1 1 1 1 1 1 1 1 1 1 1 5 23 
Case #72: 7 4 6 6 6 6 6 7 
Case #73: -1
Case #74: 5 1 1 1 19 19 
Case #75: 20 1 1 1 1 1 1 1 1 1 1 1 1 1 1 1 1 1 1 1 22 
Case #76: 7 3 5 6 6 6 6 9 
Case #77: 24 1 1 1 1 1 1 1 1 1 1 1 1 1 1 1 1 1 1 1 1 1 1 1 18 
Case #78: 6 2 6 6 6 8 13 
Case #79: 4 3 3 3 32 
Case #80: 5 3 8 8 11 11 
Case #81: 4 2 8 9 22 
Case #82: 6 5 5 6 7 9 9 
Case #83: 4 1 2 14 24 
Case #84: -1
Case #85: 6 4 5 5 7 10 10 
Case #86: 5 1 3 7 15 15 
Case #87: 8 2 4 4 4 5 6 8 8 
Case #88: 3 9 14 18 
Case #89: 5 1 1 1 3 35 
Case #90: 3 1 10 30 
Case #91: 6 6 6 6 6 8 9 
Case #92: 7 2 3 6 6 6 9 9 
Case #93: -1
Case #94: 7 2 4 5 5 6 9 10 
Case #95: -1
Case #96: 8 1 1 1 2 9 9 9 9 
Case #97: 10 2 3 4 4 4 4 4 4 4 8 
Case #98: -1
Case #99: 6 5 6 6 7 8 9 
Case #100: 6 2 5 7 7 9 11 
Case #101: 4 4 11 12 14 
Case #102: -1
Case #103: 6 3 5 5 7 9 12 
Case #104: -1
Case #105: 4 3 7 8 23 
Case #106: 4 2 9 10 20 
Case #107: 3 1 17 23 
Case #108: 6 3 6 6 6 9 11 
Case #109: 5 2 5 8 12 14 
Case #110: 6 5 6 7 7 8 8 
Case #111: 19 1 1 1 1 1 1 1 1 1 1 1 1 1 1 1 1 1 3 21 
Case #112: 7 3 4 5 5 6 8 10 
Case #113: -1
Case #114: -1
Case #115: 5 5 8 8 8 12 
Case #116: 6 3 3 5 9 9 12 
Case #117: 4 3 9 13 16 
Case #118: -1
Case #119: 7 1 1 1 3 5 15 15 
Case #120: 3 7 10 24 
Case #121: 6 5 5 5 7 9 10 
Case #122: 4 2 7 8 24 
Case #123: -1
Case #124: 2 1 40 
Case #125: 9 2 4 4 4 4 5 6 6 6 
Case #126: 6 2 5 6 9 9 10 
Case #127: 8 2 3 4 4 5 7 8 8 
Case #128: 14 1 1 1 1 1 1 1 1 1 1 1 1 1 28 
Case #129: 4 7 10 10 14 
Case #130: 5 2 6 10 11 12 
Case #131: 6 1 1 2 9 13 15 
Case #132: 7 5 6 6 6 6 6 6 
Case #133: -1
Case #134: 5 4 4 7 10 16 
Case #135: 5 6 6 8 8 13 
Case #136: -1
Case #137: 6 3 3 7 7 9 12 
Case #138: 5 1 2 7 10 21 
Case #139: 6 3 5 5 8 10 10 
Case #140: 22 1 1 1 1 1 1 1 1 1 1 1 1 1 1 1 1 1 1 1 1 7 14 
Case #141: 7 5 5 5 6 6 6 8 
Case #142: 17 1 1 1 1 1 1 1 1 1 1 1 1 1 1 1 2 24 
Case #143: -1
Case #144: 7 2 4 5 5 6 8 11 
Case #145: 6 3 4 8 8 9 9 
Case #146: -1
Case #147: 6 1 3 6 8 11 12 
Case #148: -1
Case #149: 6 5 5 5 5 9 12 
Case #150: -1
Case #151: 7 2 5 6 6 6 8 8 
Case #152: 5 1 2 5 13 20 
Case #153: 4 6 10 10 15 
Case #154: 7 4 5 6 6 6 7 7 
Case #155: 8 4 4 4 5 6 6 6 6 
Case #156: 11 1 4 4 4 4 4 4 4 4 4 4 
Case #157: 7 3 4 5 5 5 9 10 
Case #158: 5 1 4 9 13 14 
Case #159: 13 1 1 1 1 1 1 1 1 1 1 1 2 28 
Case #160: -1
Case #161: 4 2 6 13 20 
Case #162: 28 1 1 1 1 1 1 1 1 1 1 1 1 1 1 1 1 1 1 1 1 1 1 1 1 1 1 1 14 
Case #163: -1
Case #164: 5 1 3 7 8 22 
Case #165: 5 2 5 9 11 14 
Case #166: -1
Case #167: 6 1 1 1 3 16 19 
Case #168: 7 3 4 5 5 8 8 8 
Case #169: -1
Case #170: 4 1 1 7 32 
Case #171: 6 3 5 5 8 9 11 
Case #172: 40 1 1 1 1 1 1 1 1 1 1 1 1 1 1 1 1 1 1 1 1 1 1 1 1 1 1 1 1 1 1 1 1 1 1 1 1 1 1 1 2 
Case #173: 5 1 1 1 2 36 
Case #174: 4 3 6 16 16 
Case #175: -1
Case #176: 7 3 4 5 6 6 6 11 
Case #177: 5 3 6 7 12 13 
Case #178: 7 1 1 1 1 1 3 33 
Case #179: 6 3 4 7 7 10 10 
Case #180: 5 2 6 7 12 14 
Case #181: -1
Case #182: 2 20 21 
Case #183: 9 1 1 1 1 1 1 1 1 33 
Case #184: 9 2 3 3 4 5 6 6 6 6 
Case #185: -1
Case #186: 13 1 1 1 1 1 1 1 1 1 1 1 5 25 
Case #187: 4 4 5 16 16 
Case #188: 8 2 3 3 5 6 6 7 9 
Case #189: 23 1 1 1 1 1 1 1 1 1 1 1 1 1 1 1 1 1 1 1 1 1 7 13 
Case #190: -1
Case #191: 8 2 4 5 5 5 6 6 8 
Case #192: -1
Case #193: 4 4 9 14 14 
Case #194: -1
Case #195: -1
Case #196: 7 3 4 5 6 6 8 9 
Case #197: 5 7 7 8 9 10 
Case #198: 8 3 4 4 6 6 6 6 6 
Case #199: 6 2 4 7 8 10 10 
Case #200: 6 3 7 7 8 8 8 
Case #201: 4 3 7 10 21 
Case #202: 6 1 1 8 8 10 13 
Case #203: 6 4 5 6 8 8 10 
Case #204: -1
Case #205: 9 1 1 1 1 1 1 1 2 32 
Case #206: 5 4 4 8 10 15 
Case #207: 6 1 3 5 7 10 15 
Case #208: 6 1 2 7 7 8 16 
Case #209: -1
Case #210: -1
Case #211: 4 10 10 10 11 
Case #212: 4 3 4 16 18 
Case #213: 7 2 5 5 6 6 8 9 
Case #214: 8 2 5 5 5 6 6 6 6 
Case #215: 7 2 3 4 4 7 8 13 
Case #216: 6 1 4 8 8 10 10 
Case #217: -1
Case #218: 7 4 4 5 6 6 8 8 
Case #219: -1
Case #220: -1
Case #221: 11 1 1 1 1 1 1 1 1 1 4 28 
Case #222: 21 1 1 1 1 1 1 1 1 1 1 1 1 1 1 1 1 1 1 1 5 17 
Case #223: 25 1 1 1 1 1 1 1 1 1 1 1 1 1 1 1 1 1 1 1 1 1 1 1 1 17 
Case #224: -1
Case #225: 9 1 1 1 1 1 1 1 4 30 
Case #226: 2 9 32 
Case #227: 5 5 6 9 10 11 
Case #228: 4 3 11 12 15 
Case #229: 26 1 1 1 1 1 1 1 1 1 1 1 1 1 1 1 1 1 1 1 1 1 1 1 1 1 16 
Case #230: 6 3 4 5 8 8 13 
Case #231: 8 3 5 5 5 5 6 6 6 
Case #232: -1
Case #233: 4 7 10 12 12 
Case #234: 8 3 4 4 4 5 5 8 8 
Case #235: 6 3 5 7 8 8 10 
Case #236: 6 1 2 5 9 9 15 
Case #237: 5 5 5 7 12 12 
Case #238: 3 6 16 19 
Case #239: 7 3 5 5 5 6 8 9 
Case #240: 16 1 1 1 1 1 1 1 1 1 1 1 1 1 1 6 21 
Case #241: 4 3 7 12 19 
Case #242: 6 2 4 6 9 10 10 
Case #243: 8 2 3 4 4 4 8 8 8 
Case #244: 39 1 1 1 1 1 1 1 1 1 1 1 1 1 1 1 1 1 1 1 1 1 1 1 1 1 1 1 1 1 1 1 1 1 1 1 1 1 1 3 
Case #245: 19 1 1 1 1 1 1 1 1 1 1 1 1 1 1 1 1 1 5 19 
Case #246: 3 6 17 18 
Case #247: 7 3 3 5 6 6 9 9 
Case #248: 8 1 1 1 1 1 1 1 34 
Case #249: -1
Case #250: 13 1 1 1 1 1 1 1 1 1 1 3 7 21 
Case #251: 16 1 1 1 1 1 1 1 1 1 1 1 1 1 1 4 23 
Case #252: 5 5 8 9 9 10 
Case #253: -1
Case #254: 6 4 5 8 8 8 8 
Case #255: 19 1 1 1 1 1 1 1 1 1 1 1 1 1 1 1 1 1 1 23 
Case #256: 4 8 9 12 12 
Case #257: 5 3 5 6 8 19 
Case #258: 6 3 3 6 6 9 14 
Case #259: 5 4 8 9 9 11 
Case #260: 5 1 6 9 11 14 
Case #261: 5 3 6 8 12 12 
Case #262: -1
Case #263: 6 1 2 6 8 8 16 
Case #264: 8 3 5 5 5 5 5 5 8 
Case #265: 4 4 7 10 20 
Case #266: 6 5 5 6 6 8 11 
Case #267: 4 5 7 11 18 
Case #268: 8 2 4 4 5 5 6 7 8 
Case #269: 5 3 5 8 8 17 
Case #270: 6 2 4 4 7 8 16 
Case #271: -1
Case #272: 5 1 4 5 13 18 
Case #273: 5 5 9 9 9 9 
Case #274: 7 2 3 4 8 8 8 8 
Case #275: 8 2 3 4 4 6 6 8 8 
Case #276: 4 5 8 9 19 
Case #277: 6 2 6 7 8 9 9 
Case #278: 4 1 10 15 15 
Case #279: 15 1 1 1 1 1 1 1 1 1 1 1 1 1 2 26 
Case #280: -1
Case #281: 8 3 4 4 5 5 6 6 8 
Case #282: 7 2 4 5 7 7 7 9 
Case #283: 7 4 4 4 6 7 8 8 
Case #284: 7 2 4 5 5 5 9 11 
Case #285: 6 3 7 7 7 8 9 
Case #286: 7 1 1 1 1 2 9 26 
Case #287: 5 3 4 8 9 17 
Case #288: 3 5 12 24 
Case #289: 5 3 6 9 11 12 
Case #290: 6 2 4 6 8 8 13 
Case #291: 5 3 5 8 12 13 
Case #292: 6 2 5 7 8 9 10 
Case #293: 29 1 1 1 1 1 1 1 1 1 1 1 1 1 1 1 1 1 1 1 1 1 1 1 1 1 1 1 7 7 
Case #294: 4 1 4 15 21 
Case #295: -1
Case #296: 4 2 6 16 17 
Case #297: 4 2 10 11 18 
Case #298: 7 3 4 4 6 8 8 8 
Case #299: -1
Case #300: 5 2 6 9 10 14 
Case #301: -1
Case #302: 9 3 3 3 3 5 6 6 6 6 
Case #303: -1
Case #304: 6 1 1 4 5 10 20 
Case #305: 6 2 7 8 8 8 8 
Case #306: 7 3 6 6 6 6 6 8 
Case #307: -1
Case #308: 7 4 4 5 5 7 8 8 
Case #309: 9 2 3 3 3 3 5 6 7 9 
Case #310: 5 6 6 9 9 11 
Case #311: -1
Case #312: 7 2 3 5 7 8 8 8 
Case #313: -1
Case #314: 8 1 1 3 7 7 7 7 8 
Case #315: 8 2 3 4 4 6 7 7 8 
Case #316: 4 1 6 7 27 
Case #317: 6 3 5 8 8 8 9 
Case #318: 33 1 1 1 1 1 1 1 1 1 1 1 1 1 1 1 1 1 1 1 1 1 1 1 1 1 1 1 1 1 1 1 1 9 
Case #319: 4 1 5 17 18 
Case #320: 4 6 7 12 16 
Case #321: 5 3 7 7 8 16 
Case #322: 4 3 8 13 17 
Case #323: 5 6 7 9 9 10 
Case #324: -1
Case #325: -1
Case #326: 27 1 1 1 1 1 1 1 1 1 1 1 1 1 1 1 1 1 1 1 1 1 1 1 1 1 5 11 
Case #327: -1
Case #328: 3 1 3 37 
Case #329: 6 4 5 6 7 9 10 
Case #330: 4 1 5 16 19 
Case #331: 6 1 2 5 9 11 13 
Case #332: 7 2 4 5 7 7 8 8 
Case #333: 6 4 4 6 7 8 12 
Case #334: 5 6 6 7 9 13 
Case #335: 23 1 1 1 1 1 1 1 1 1 1 1 1 1 1 1 1 1 1 1 1 1 1 19 
Case #336: 5 4 5 7 10 15 
Case #337: 3 7 7 27 
Case #338: 4 5 5 10 21 
Case #339: 6 1 4 8 8 8 12 
Case #340: 7 4 5 5 5 5 8 9 
Case #341: 8 2 3 3 5 5 5 9 9 
Case #342: -1
Case #343: 2 2 39 
Case #344: 14 1 1 1 1 1 1 1 1 1 1 1 1 2 27 
Case #345: -1
Case #346: 6 1 2 7 8 10 13 
Case #347: -1
Case #348: 6 3 5 5 5 11 12 
Case #349: 4 2 6 9 24 
Case #350: 8 1 1 1 1 1 1 2 33 
Case #351: -1
Case #352: 6 2 5 6 6 9 13 
Case #353: -1
Case #354: 4 4 6 11 20 
Case #355: 9 1 1 1 1 1 1 1 3 31 
Case #356: 4 5 10 10 16 
Case #357: -1
Case #358: 8 3 3 5 5 6 6 6 7 
Case #359: 5 1 2 6 16 16 
Case #360: 6 1 1 1 6 11 21 
Case #361: 6 4 6 6 7 9 9 
Case #362: 6 3 4 4 8 11 11 
Case #363: 5 2 5 9 12 13 
Case #364: 5 2 9 10 10 10 
Case #365: 35 1 1 1 1 1 1 1 1 1 1 1 1 1 1 1 1 1 1 1 1 1 1 1 1 1 1 1 1 1 1 1 1 1 1 7 
Case #366: -1
Case #367: 4 5 10 11 15 
Case #368: 3 4 5 32 
Case #369: 9 2 4 4 4 4 4 5 6 8 
Case #370: 6 4 5 5 8 8 11 
Case #371: 3 5 17 19 
Case #372: 5 1 4 7 13 16 
Case #373: 3 7 12 22 
Case #374: 21 1 1 1 1 1 1 1 1 1 1 1 1 1 1 1 1 1 1 1 1 21 
Case #375: 4 3 9 11 18 
Case #376: 4 3 8 11 19 
Case #377: 6 3 5 5 7 8 13 
Case #378: 6 3 6 6 8 9 9 
Case #379: 6 2 5 5 5 9 15 
Case #380: 5 2 5 9 9 16 
Case #381: 32 1 1 1 1 1 1 1 1 1 1 1 1 1 1 1 1 1 1 1 1 1 1 1 1 1 1 1 1 1 1 1 10 
Case #382: 3 2 14 25 
Case #383: 5 2 4 9 9 17 
Case #384: 8 2 3 6 6 6 6 6 6 
Case #385: 8 2 4 5 6 6 6 6 6 
Case #386: 3 6 11 24 
Case #387: 5 1 7 10 10 13 
Case #388: 11 1 1 1 1 1 1 1 1 1 3 29 
Case #389: 5 2 3 9 9 18 
Case #390: 6 2 5 7 8 8 11 
Case #391: 7 2 3 5 5 7 9 10 
Case #392: 5 4 5 9 10 13 
Case #393: 6 2 5 6 8 10 10 
Case #394: 9 2 3 4 4 5 5 5 5 8 
Case #395: -1
Case #396: 41 1 1 1 1 1 1 1 1 1 1 1 1 1 1 1 1 1 1 1 1 1 1 1 1 1 1 1 1 1 1 1 1 1 1 1 1 1 1 1 1 1 
Case #397: 5 3 4 7 8 19 
Case #398: 6 1 8 8 8 8 8 
Case #399: 17 1 1 1 1 1 1 1 1 1 1 1 1 1 1 1 4 22 
Case #400: 6 2 4 7 7 9 12 
Case #401: 3 10 13 18 
Case #402: -1
Case #403: 7 2 4 5 5 8 8 9 
Case #404: 3 11 12 18 
Case #405: 4 6 8 11 16 
Case #406: 4 2 3 4 32 
Case #407: 8 3 4 4 4 4 7 7 8 
Case #408: -1
Case #409: 7 1 1 1 5 9 9 15 
Case #410: 6 1 1 2 5 16 16 
Case #411: -1
Case #412: 6 3 3 5 5 12 13 
Case #413: 8 1 1 1 1 1 1 4 31 
Case #414: 8 2 3 3 3 6 6 9 9 
Case #415: 5 2 9 9 10 11 
Case #416: 6 1 1 1 1 2 35 
Case #417: 4 3 7 13 18 
Case #418: 8 3 4 4 5 5 5 7 8 
Case #419: 6 4 5 6 6 9 11 
Case #420: 4 6 10 11 14 
Case #421: -1
Case #422: 5 4 7 8 10 12 
Case #423: 6 3 4 6 8 10 10 
Case #424: 6 4 5 5 9 9 9 
Case #425: 6 2 6 6 7 8 12 
Case #426: -1
Case #427: 6 2 6 6 9 9 9 
Case #428: 6 4 6 6 8 8 9 
Case #429: 4 2 5 16 18 
Case #430: 5 2 7 7 12 13 
Case #431: -1
Case #432: 4 3 5 12 21 
Case #433: 25 1 1 1 1 1 1 1 1 1 1 1 1 1 1 1 1 1 1 1 1 1 1 1 5 13 
Case #434: 5 1 6 9 12 13 
Case #435: 3 5 18 18 
Case #436: 6 1 1 1 1 1 36 
Case #437: 8 2 5 5 5 5 5 6 8 
Case #438: 4 5 6 15 15 
Case #439: 5 1 1 9 15 15 
Case #440: 6 1 1 1 1 3 34 
Case #441: 18 1 1 1 1 1 1 1 1 1 1 1 1 1 1 1 1 1 24 
Case #442: 7 2 3 5 7 7 8 9 
Case #443: 4 1 7 15 18 
Case #444: 7 3 4 6 6 6 7 9 
Case #445: 34 1 1 1 1 1 1 1 1 1 1 1 1 1 1 1 1 1 1 1 1 1 1 1 1 1 1 1 1 1 1 1 1 1 8 
Case #446: 4 2 5 13 21 
Case #447: 5 3 9 9 10 10 
Case #448: 6 2 4 5 8 9 13 
Case #449: 4 2 6 12 21 
Case #450: 10 2 3 3 3 3 3 5 5 5 9 
Case #451: 7 1 1 1 1 1 2 34 
Case #452: 5 2 7 8 12 12 
Case #453: 8 1 1 1 1 1 3 16 17 
Case #454: 4 2 3 18 18 
Case #455: -1
Case #456: 7 3 4 4 5 6 8 11 
Case #457: 3 7 16 18 
Case #458: 4 5 9 12 15 
Case #459: 8 2 3 3 3 5 5 9 11 
Case #460: 7 3 3 3 5 9 9 9 
Case #461: 6 2 4 8 8 9 10 
Case #462: 7 3 4 5 7 7 7 8 
Case #463: -1
Case #464: 6 1 1 1 2 17 19 
Case #465: 3 3 14 24 
Case #466: 6 4 5 5 8 9 10 
Case #467: 9 2 3 3 3 5 5 5 6 9 
Case #468: 5 5 7 9 10 10 
Case #469: 7 2 3 5 6 6 6 13 
Case #470: 7 2 5 5 6 6 6 11 
Case #471: 5 4 8 9 10 10 
Case #472: 5 5 7 7 10 12 
Case #473: 7 3 4 5 5 7 8 9 
Case #474: 7 2 3 5 6 6 8 11 
Case #475: 38 1 1 1 1 1 1 1 1 1 1 1 1 1 1 1 1 1 1 1 1 1 1 1 1 1 1 1 1 1 1 1 1 1 1 1 1 1 4 
Case #476: 6 6 6 6 6 6 11 
Case #477: 4 3 8 10 20 
Case #478: 7 1 1 1 1 1 1 35 
Case #479: 7 4 4 6 6 6 7 8 
Case #480: 5 1 1 9 9 21 
Case #481: 6 2 3 7 9 10 10 
Case #482: 5 3 5 9 12 12 
Case #483: 12 1 1 1 1 1 1 1 1 1 1 1 30 
Case #484: 4 1 7 9 24 
Case #485: 5 3 7 10 10 11 
Case #486: -1
Case #487: -1
Case #488: 4 3 6 14 18 
Case #489: 6 1 3 7 8 11 11 
Case #490: 6 3 3 3 7 7 18 
Case #491: 7 5 5 5 5 6 6 9 
Case #492: 8 1 2 5 5 5 5 9 9 
Case #493: 4 5 8 12 16 
Case #494: 6 2 3 4 5 8 19 
Case #495: 4 6 11 12 12 
Case #496: 7 2 3 5 5 7 8 11 
Case #497: 23 1 1 1 1 1 1 1 1 1 1 1 1 1 1 1 1 1 1 1 1 1 3 17 
Case #498: 6 2 5 5 7 9 13 
Case #499: 5 3 8 10 10 10 
Case #500: 8 3 4 4 4 4 6 8 8 
Case #501: 7 2 3 4 5 6 8 13 
Case #502: 6 3 6 8 8 8 8 
Case #503: -1
Case #504: 25 1 1 1 1 1 1 1 1 1 1 1 1 1 1 1 1 1 1 1 1 1 1 1 3 15 
Case #505: 6 2 5 7 7 10 10 
Case #506: -1
Case #507: 7 1 1 1 5 7 7 19 
Case #508: 13 1 1 1 1 1 1 1 1 1 1 1 4 26 
Case #509: 5 3 7 8 10 13 
Case #510: 6 3 5 7 8 9 9 
Case #511: -1
Case #512: 3 6 15 20 
Case #513: 8 2 4 5 5 5 5 6 9 
Case #514: 3 2 3 36 
Case #515: 7 4 5 6 6 6 6 8 
Case #516: 5 4 7 10 10 10 
Case #517: 7 2 3 5 6 7 9 9 
Case #518: -1
Case #519: 4 5 12 12 12 
Case #520: -1
Case #521: 5 2 6 9 12 12 
Case #522: 6 2 3 5 7 11 13 
Case #523: 12 1 1 1 1 1 1 1 1 1 1 2 29 
Case #524: -1
Case #525: 4 6 8 8 19 
Case #526: -1
Case #527: -1
Case #528: 5 1 1 2 9 28 
Case #529: 6 2 4 5 9 10 11 
Case #530: 8 1 1 1 1 1 1 3 32 
Case #531: -1
Case #532: 6 5 5 5 8 9 9 
Case #533: 5 3 8 8 10 12 
Case #534: 7 2 4 6 6 7 7 9 
Case #535: 7 2 3 5 5 5 8 13 
Case #536: 3 5 6 30 
Case #537: -1
Case #538: 6 3 4 6 8 9 11 
Case #539: 3 11 13 17 
Case #540: 5 3 3 3 5 27 
Case #541: -1
Case #542: 7 2 5 5 5 6 8 10 
Case #543: 5 3 6 6 9 17 
Case #544: 10 1 1 1 1 1 1 1 1 1 32 
Case #545: 6 2 5 8 8 9 9 
Case #546: -1
Case #547: 4 4 8 14 15 
Case #548: 5 3 4 9 10 15 
Case #549: 4 5 8 8 20 
Case #550: -1
Case #551: 8 2 3 4 5 6 6 7 8 
Case #552: 5 2 7 7 7 18 
Case #553: 6 1 5 5 9 10 11 
Case #554: 6 2 4 6 7 10 12 
Case #555: 5 6 7 8 8 12 
Case #556: -1
Case #557: 5 2 5 8 10 16 
Case #558: 6 2 3 7 8 8 13 
Case #559: 7 3 4 4 4 7 8 11 
Case #560: 6 2 4 7 9 9 10 
Case #561: 6 3 6 7 7 8 10 
Case #562: 7 5 5 6 6 6 6 7 
Case #563: 7 1 1 1 1 1 17 19 
Case #564: 5 3 6 10 10 12 
Case #565: 5 6 8 8 9 10 
Case #566: 5 2 5 10 12 12 
Case #567: 7 3 4 5 6 7 8 8 
Case #568: 4 2 11 14 14 
Case #569: 4 3 8 12 18 
Case #570: 8 2 3 4 4 4 5 8 11 
Case #571: -1
Case #572: 6 2 6 8 8 8 9 
Case #573: 21 1 1 1 1 1 1 1 1 1 1 1 1 1 1 1 1 1 1 1 11 11 
Case #574: 4 2 9 15 15 
Case #575: 4 9 10 10 12 
Case #576: -1
Case #577: -1
Case #578: 6 5 5 6 8 8 9 
Case #579: 9 2 3 4 4 5 5 6 6 6 
Case #580: -1
Case #581: 5 3 5 8 11 14 
Case #582: 7 3 5 5 5 5 8 10 
Case #583: 7 2 5 5 6 7 8 8 
Case #584: -1
Case #585: 4 3 7 11 20 
Case #586: 4 1 1 1 38 
Case #587: 5 4 6 9 10 12 
Case #588: 9 1 1 1 1 1 1 1 7 27 
Case #589: 9 2 3 3 3 3 6 6 6 9 
Case #590: 7 3 4 5 5 5 8 11 
Case #591: 5 5 5 6 10 15 
Case #592: 4 2 7 16 16 
Case #593: 5 1 1 6 16 17 
Case #594: -1
Case #595: 5 4 7 9 10 11 
Case #596: -1
Case #597: 7 4 5 5 6 6 6 9 
Case #598: -1
Case #599: 6 2 3 6 8 9 13 
Case #600: 4 2 6 15 18 
Case #601: 8 4 4 5 5 5 6 6 6 
Case #602: 5 2 8 9 10 12 
Case #603: 4 8 8 10 15 
Case #604: 6 4 5 6 8 9 9 
Case #605: 7 4 4 4 5 8 8 8 
Case #606: 4 1 11 14 15 
Case #607: 8 2 3 4 5 5 6 8 8 
Case #608: 5 1 2 9 11 18 
Case #609: -1
Case #610: 5 4 6 7 12 12 
Case #611: 6 2 5 5 8 8 13 
Case #612: 6 2 3 3 5 9 19 
Case #613: -1
Case #614: 7 1 1 1 1 1 4 32 
Case #615: 5 2 4 7 12 16 
Case #616: 20 1 1 1 1 1 1 1 1 1 1 1 1 1 1 1 1 1 1 2 21 
Case #617: -1
Case #618: -1
Case #619: 9 3 3 3 4 5 5 6 6 6 
Case #620: 10 1 1 1 1 1 1 1 1 3 30 
Case #621: 6 2 3 4 7 8 17 
Case #622: -1
Case #623: 5 1 10 10 10 10 
Case #624: 8 3 3 5 6 6 6 6 6 
Case #625: 5 6 8 8 8 11 
Case #626: 6 2 6 6 8 8 11 
Case #627: 5 2 6 8 8 17 
Case #628: 5 1 5 10 10 15 
Case #629: 5 3 7 8 11 12 
Case #630: 5 3 5 7 12 14 
Case #631: 6 1 1 5 5 13 16 
Case #632: 6 3 5 6 6 8 13 
Case #633: 7 2 3 4 5 8 8 11 
Case #634: 6 3 4 5 9 10 10 
Case #635: 7 2 3 7 7 7 7 8 
Case #636: 6 2 5 7 7 8 12 
Case #637: 11 1 1 1 1 1 1 1 1 1 5 27 
Case #638: -1
Case #639: 5 2 5 8 9 17 
Case #640: 8 3 3 3 4 6 6 7 9 
Case #641: 6 3 5 6 9 9 9 
Case #642: 3 3 6 32 
Case #643: -1
Case #644: 7 2 3 5 5 8 9 9 
Case #645: 3 7 14 20 
Case #646: 18 1 1 1 1 1 1 1 1 1 1 1 1 1 1 1 1 2 23 
Case #647: 13 1 1 1 1 1 1 1 1 1 1 5 7 19 
Case #648: 3 12 14 15 
Case #649: 5 4 5 8 8 16 
Case #650: -1
Case #651: 3 2 7 32 
Case #652: 5 3 7 9 10 12 
Case #653: 6 5 6 6 6 9 9 
Case #654: 6 2 3 5 8 10 13 
Case #655: -1
Case #656: 5 4 7 9 9 12 
Case #657: 6 4 6 6 6 8 11 
Case #658: -1
Case #659: 5 1 4 10 11 15 
Case #660: 7 3 3 6 6 7 7 9 
Case #661: -1
Case #662: 11 1 1 1 1 1 1 1 1 1 2 30 
Case #663: 10 2 3 3 3 3 4 5 6 6 6 
Case #664: 3 10 10 21 
Case #665: 6 2 7 7 7 8 10 
Case #666: 8 2 3 3 5 5 7 7 9 
Case #667: 6 3 4 6 9 9 10 
Case #668: 7 5 5 5 5 5 8 8 
Case #669: 4 4 9 10 18 
Case #670: 5 2 7 9 9 14 
Case #671: 8 2 3 4 6 6 6 6 8 
Case #672: 6 1 1 1 1 5 32 
Case #673: 6 3 4 6 6 9 13 
Case #674: 7 3 4 6 6 6 8 8 
Case #675: 8 3 4 5 5 5 5 6 8 
Case #676: 6 5 6 6 8 8 8 
Case #677: 6 5 6 6 6 7 11 
Case #678: 5 1 1 2 15 22 
Case #679: -1
Case #680: 4 3 5 6 27 
Case #681: 4 3 6 11 21 
Case #682: 4 2 10 13 16 
Case #683: 4 1 8 12 20 
Case #684: 6 3 4 7 8 8 11 
Case #685: 3 6 14 21 
Case #686: 3 3 16 22 
Case #687: 5 2 3 9 10 17 
Case #688: -1
Case #689: 5 6 6 8 9 12 
Case #690: 6 2 5 5 7 10 12 
Case #691: 5 3 8 8 8 14 
Case #692: -1
Case #693: 6 3 6 6 7 8 11 
Case #694: 5 3 4 8 13 13 
Case #695: 36 1 1 1 1 1 1 1 1 1 1 1 1 1 1 1 1 1 1 1 1 1 1 1 1 1 1 1 1 1 1 1 1 1 1 1 6 
Case #696: -1
Case #697: 5 1 1 1 6 32 
Case #698: 4 4 10 11 16 
Case #699: 7 2 5 6 6 6 7 9 
Case #700: 6 3 4 5 8 10 11 
Case #701: 8 3 4 4 5 6 6 6 7 
Case #702: 5 1 5 5 10 20 
Case #703: -1
Case #704: 9 2 3 3 3 5 6 6 6 7 
Case #705: 5 3 6 7 8 17 
Case #706: 3 2 9 30 
Case #707: 6 3 4 8 8 8 10 
Case #708: 6 6 6 6 7 8 8 
Case #709: 8 2 4 4 5 5 5 8 8 
Case #710: 4 1 10 10 20 
Case #711: 21 1 1 1 1 1 1 1 1 1 1 1 1 1 1 1 1 1 1 1 3 19 
Case #712: 10 1 1 1 1 1 1 1 1 2 31 
Case #713: 6 2 3 5 6 8 17 
Case #714: -1
Case #715: 21 1 1 1 1 1 1 1 1 1 1 1 1 1 1 1 1 1 1 1 9 13 
Case #716: 4 3 5 13 20 
Case #717: 4 7 7 11 16 
Case #718: 4 7 7 9 18 
Case #719: 8 2 3 5 5 5 6 6 9 
Case #720: 7 4 5 5 6 6 7 8 
Case #721: -1
Case #722: 8 3 3 4 5 5 6 6 9 
Case #723: 5 3 6 8 8 16 
Case #724: 25 1 1 1 1 1 1 1 1 1 1 1 1 1 1 1 1 1 1 1 1 1 1 1 7 11 
Case #725: 6 5 5 6 7 8 10 
Case #726: 5 1 3 8 12 17 
Case #727: 5 2 5 5 14 15 
Case #728: 7 2 3 6 7 7 8 8 
Case #729: 7 2 3 5 5 8 8 10 
Case #730: 5 1 1 1 1 37 
Case #731: 6 2 3 8 9 9 10 
Case #732: 16 1 1 1 1 1 1 1 1 1 1 1 1 1 1 1 26 
Case #733: 4 2 9 14 16 
Case #734: 5 3 8 8 9 13 
Case #735: 6 3 3 5 7 11 12 
Case #736: -1
Case #737: 6 2 3 4 8 11 13 
Case #738: 6 5 5 6 6 6 13 
Case #739: -1
Case #740: 5 5 7 8 9 12 
Case #741: 22 1 1 1 1 1 1 1 1 1 1 1 1 1 1 1 1 1 1 1 1 1 20 
Case #742: 4 8 8 9 16 
Case #743: -1
Case #744: 5 3 7 7 12 12 
Case #745: 8 2 3 5 5 5 5 7 9 
Case #746: -1
Case #747: 6 2 6 7 7 7 12 
Case #748: 5 1 3 8 10 19 
Case #749: 7 1 1 1 5 5 11 17 
Case #750: 6 1 2 5 5 9 19 
Case #751: 4 2 7 14 18 
Case #752: 7 3 5 5 6 6 7 9 
Case #753: 6 2 5 5 9 10 10 
Case #754: 5 1 2 5 16 17 
Case #755: 4 1 12 14 14 
Case #756: 5 5 8 8 10 10 
Case #757: 4 1 7 16 17 
Case #758: 3 10 11 20 
Case #759: 29 1 1 1 1 1 1 1 1 1 1 1 1 1 1 1 1 1 1 1 1 1 1 1 1 1 1 1 1 13 
Case #760: -1
Case #761: 5 3 8 9 10 11 
Case #762: 8 2 3 3 6 6 6 6 9 
Case #763: 5 2 7 8 10 14 
Case #764: 4 6 6 11 18 
Case #765: -1
Case #766: 4 8 10 11 12 
Case #767: 7 3 4 4 4 5 8 13 
Case #768: 7 1 2 6 8 8 8 8 
Case #769: -1
Case #770: 9 2 3 4 4 4 4 5 7 8 
Case #771: 4 7 8 12 14 
Case #772: -1
Case #773: 4 1 1 5 34 
Case #774: 16 1 1 1 1 1 1 1 1 1 1 1 1 1 1 5 22 
Case #775: 7 3 4 5 5 6 9 9 
Case #776: 8 2 3 5 5 6 6 6 8 
Case #777: 8 1 2 5 5 5 7 7 9 
Case #778: 10 1 4 4 4 4 4 4 4 4 8 
Case #779: 4 3 11 11 16 
Case #780: 5 1 1 3 17 19 
Case #781: 3 9 16 16 
Case #782: 11 1 1 1 1 1 1 1 1 1 1 31 
Case #783: -1
Case #784: 4 4 10 12 15 
Case #785: 7 2 3 5 6 7 8 10 
Case #786: 5 2 5 7 9 18 
Case #787: -1
Case #788: 4 6 6 14 15 
Case #789: 4 1 4 11 25 
Case #790: 4 3 8 15 15 
Case #791: 7 2 6 6 6 6 7 8 
Case #792: 4 2 12 12 15 
Case #793: 5 4 7 7 9 14 
Case #794: -1
Case #795: 6 2 3 8 8 10 10 
Case #796: 9 3 3 4 4 4 5 6 6 6 
Case #797: 7 2 5 5 5 5 7 12 
Case #798: 8 2 4 4 5 6 6 6 8 
Case #799: 7 1 4 4 8 8 8 8 
Case #800: 4 3 5 8 25 
Case #801: 5 5 6 8 9 13 
Case #802: 6 2 3 8 8 9 11 
Case #803: -1
Case #804: 12 1 1 1 1 1 1 1 1 1 1 3 28 
Case #805: 8 2 3 4 5 5 7 7 8 
Case #806: 13 1 1 1 1 1 1 1 1 1 1 1 3 27 
Case #807: 5 2 7 10 10 12 
Case #808: 9 1 1 1 1 1 1 3 5 27 
Case #809: 6 3 5 7 7 7 12 
Case #810: 10 2 3 3 3 3 3 3 6 6 9 
Case #811: 6 3 5 6 8 8 11 
Case #812: 8 2 4 5 5 6 6 6 7 
Case #813: 4 1 1 2 37 
Case #814: 8 1 1 2 5 5 5 9 13 
Case #815: -1
Case #816: 6 4 6 7 8 8 8 
Case #817: -1
Case #818: -1
Case #819: -1
Case #820: 6 3 6 6 7 7 12 
Case #821: 6 3 5 7 7 8 11 
Case #822: 6 5 5 5 5 5 16 
Case #823: 7 3 5 5 5 7 8 8 
Case #824: 7 2 5 6 6 7 7 8 
Case #825: 7 3 4 4 7 7 8 8 
Case #826: 6 1 2 5 7 9 17 
Case #827: 5 5 7 8 8 13 
Case #828: 6 1 3 5 9 10 13 
Case #829: 6 1 1 1 3 11 24 
Case #830: -1
Case #831: -1
Case #832: 9 3 3 3 3 3 5 6 6 9 
Case #833: 5 8 8 8 8 9 
Case #834: -1
Case #835: 6 3 5 7 7 9 10 
Case #836: -1
Case #837: 3 6 10 25 
Case #838: 5 2 4 10 10 15 
Case #839: -1
Case #840: 5 1 6 7 9 18 
Case #841: 6 2 3 6 8 11 11 
Case #842: -1
Case #843: 8 2 3 5 5 5 5 8 8 
Case #844: 4 1 3 7 30 
Case #845: 6 4 4 4 5 8 16 
Case #846: 5 2 4 8 11 16 
Case #847: 6 1 1 3 9 9 18 
Case #848: 6 3 4 4 5 8 17 
Case #849: 5 3 5 10 11 12 
Case #850: 6 1 1 4 5 14 16 
Case #851: 5 3 3 6 13 16 
Case #852: 7 2 6 6 6 6 6 9 
Case #853: 5 2 4 9 12 14 
Case #854: 5 5 5 5 10 16 
Case #855: 4 5 10 12 14 
Case #856: 5 5 5 9 10 12 
Case #857: 15 1 1 1 1 1 1 1 1 1 1 1 1 1 3 25 
Case #858: -1
Case #859: 5 3 8 9 9 12 
Case #860: -1
Case #861: 7 2 3 5 5 6 9 11 
Case #862: -1
Case #863: 9 3 4 4 4 4 4 5 5 8 
Case #864: 6 6 6 6 7 7 9 
Case #865: 5 2 3 8 9 19 
Case #866: 8 3 4 4 4 5 6 7 8 
Case #867: -1
Case #868: 19 1 1 1 1 1 1 1 1 1 1 1 1 1 1 1 1 1 2 22 
Case #869: 5 3 6 8 11 13 
Case #870: 8 4 4 4 4 5 6 6 8 
Case #871: 5 2 6 6 9 18 
Case #872: -1
Case #873: 5 7 7 7 10 10 
Case #874: 6 2 5 5 9 9 11 
Case #875: 5 2 6 8 9 16 
Case #876: 4 3 8 14 16 
Case #877: 4 2 7 12 20 
Case #878: 8 2 3 3 3 3 5 9 13 
Case #879: 4 1 3 10 27 
Case #880: 5 2 3 5 8 23 
Case #881: 19 1 1 1 1 1 1 1 1 1 1 1 1 1 1 1 1 1 7 17 
Case #882: -1
Case #883: 7 3 5 5 6 7 7 8 
Case #884: 5 2 4 11 12 12 
Case #885: 5 2 7 8 8 16 
Case #886: -1
Case #887: -1
Case #888: -1
Case #889: -1
Case #890: 6 2 3 6 9 10 11 
Case #891: -1
Case #892: 5 2 5 9 10 15 
Case #893: -1
Case #894: 5 1 3 7 14 16 
Case #895: 4 5 5 15 16 
Case #896: -1
Case #897: 4 5 9 11 16 
Case #898: -1
Case #899: 5 6 7 7 9 12 
Case #900: -1
Case #901: 13 1 1 1 1 1 1 1 1 1 1 7 11 13 
Case #902: 6 5 5 7 8 8 8 
Case #903: 3 1 18 22 
Case #904: 9 2 3 3 5 5 5 6 6 6 
Case #905: 7 2 4 5 6 6 9 9 
Case #906: 7 1 1 1 1 3 7 27 
Case #907: -1
Case #908: 3 5 9 27 
Case #909: 7 2 3 6 6 7 8 9 
Case #910: 5 1 3 6 8 23 
Case #911: 16 1 1 1 1 1 1 1 1 1 1 1 1 1 1 2 25 
Case #912: 6 1 2 7 7 9 15 
Case #913: 10 2 3 3 3 3 3 3 5 7 9 
Case #914: 6 2 5 6 7 8 13 
Case #915: 6 3 5 6 8 9 10 
Case #916: 5 1 1 2 5 32 
Case #917: 3 8 15 18 
Case #918: -1
Case #919: 6 2 3 5 9 9 13 
Case #920: 4 6 8 9 18 
Case #921: 9 4 4 4 4 4 4 4 5 8 
Case #922: 6 1 2 8 10 10 10 
Case #923: -1
Case #924: 17 1 1 1 1 1 1 1 1 1 1 1 1 1 1 1 1 25 
Case #925: 8 3 4 4 4 6 6 6 8 
Case #926: 6 1 1 3 8 11 17 
Case #927: 3 1 2 38 
Case #928: 7 2 3 6 6 8 8 8 
Case #929: 5 4 9 9 9 10 
Case #930: 6 1 1 2 5 9 23 
Case #931: 31 1 1 1 1 1 1 1 1 1 1 1 1 1 1 1 1 1 1 1 1 1 1 1 1 1 1 1 1 1 1 11 
Case #932: -1
Case #933: -1
Case #934: 6 1 2 7 10 10 11 
Case #935: 2 5 36 
Case #936: 3 10 15 16 
Case #937: -1
Case #938: 3 8 9 24 
Case #939: 7 2 5 5 5 8 8 8 
Case #940: -1
Case #941: 6 3 4 7 8 9 10 
Case #942: 7 2 4 5 6 8 8 8 
Case #943: 4 3 10 12 16 
Case #944: 19 1 1 1 1 1 1 1 1 1 1 1 1 1 1 1 1 1 4 20 
Case #945: 6 3 6 7 8 8 9 
Case #946: -1
Case #947: 5 1 1 11 14 14 
Case #948: 6 1 2 4 8 10 16 
Case #949: 4 2 5 12 22 
Case #950: 37 1 1 1 1 1 1 1 1 1 1 1 1 1 1 1 1 1 1 1 1 1 1 1 1 1 1 1 1 1 1 1 1 1 1 1 1 5 
Case #951: 9 2 3 4 4 4 4 6 6 8 
Case #952: -1
Case #953: 8 1 1 1 1 1 2 13 21 
Case #954: 7 3 3 3 6 6 9 11 
Case #955: -1
Case #956: 6 2 3 5 9 11 11 
Case #957: -1
Case #958: -1
Case #959: 5 2 8 9 11 11 
Case #960: -1
