Case #1: 6 6 6 6 6 8 9 
Case #2: 6 2 4 6 8 9 12 
Case #3: 17 1 1 1 1 1 1 1 1 1 1 1 1 1 1 1 2 24 
Case #4: 8 4 4 4 4 4 5 8 8 
Case #5: 5 2 3 5 8 23 
Case #6: 4 5 10 12 14 
Case #7: 4 6 8 8 19 
Case #8: 15 1 1 1 1 1 1 1 1 1 1 1 1 1 5 23 
Case #9: -1
Case #10: -1
Case #11: 7 2 3 3 5 6 9 13 
Case #12: 7 4 4 4 5 8 8 8 
Case #13: 8 2 5 5 5 5 5 6 8 
Case #14: 5 1 4 7 13 16 
Case #15: 7 3 4 6 6 6 8 8 
Case #16: 3 5 12 24 
Case #17: -1
Case #18: -1
Case #19: -1
Case #20: 5 1 10 10 10 10 
Case #21: 7 3 4 5 6 7 8 8 
Case #22: 7 3 4 4 4 7 8 11 
Case #23: 8 3 3 3 5 6 6 6 9 
Case #24: 5 5 5 7 12 12 
Case #25: 9 3 3 3 4 5 5 6 6 6 
Case #26: -1
Case #27: 6 1 1 3 9 9 18 
Case #28: 6 3 6 6 8 9 9 
Case #29: -1
Case #30: 5 5 6 7 9 14 
Case #31: 6 1 1 2 9 13 15 
Case #32: 4 7 10 12 12 
Case #33: 5 3 7 10 10 11 
Case #34: 11 1 1 1 1 1 1 1 1 1 2 30 
Case #35: -1
Case #36: 6 5 5 6 6 6 13 
Case #37: 3 6 15 20 
Case #38: 4 1 10 10 20 
Case #39: 4 2 7 14 18 
Case #40: -1
Case #41: -1
Case #42: 39 1 1 1 1 1 1 1 1 1 1 1 1 1 1 1 1 1 1 1 1 1 1 1 1 1 1 1 1 1 1 1 1 1 1 1 1 1 1 3 
Case #43: 6 2 6 6 7 9 11 
Case #44: 5 3 8 9 10 11 
Case #45: 3 5 17 19 
Case #46: -1
Case #47: -1
Case #48: -1
Case #49: 6 5 5 5 8 9 9 
Case #50: 5 1 1 1 19 19 
Case #51: 10 3 3 3 3 3 3 5 6 6 6 
Case #52: 5 3 5 8 12 13 
Case #53: 5 1 1 1 3 35 
Case #54: 8 2 4 5 5 5 6 6 8 
Case #55: 4 2 5 16 18 
Case #56: 6 4 4 6 7 8 12 
Case #57: 8 2 3 5 6 6 6 6 7 
Case #58: -1
Case #59: 4 3 7 12 19 
Case #60: -1
Case #61: 3 11 13 17 
Case #62: -1
Case #63: 3 1 10 30 
Case #64: -1
Case #65: 8 4 4 4 4 5 6 6 8 
Case #66: 6 3 4 5 8 10 11 
Case #67: 7 3 3 3 6 6 9 11 
Case #68: 5 1 1 1 1 37 
Case #69: 4 1 5 16 19 
Case #70: 5 5 5 9 10 12 
Case #71: 3 8 15 18 
Case #72: -1
Case #73: -1
Case #74: -1
Case #75: 6 3 4 6 9 9 10 
Case #76: 13 1 1 1 1 1 1 1 1 1 1 5 7 19 
Case #77: 6 2 4 4 7 8 16 
Case #78: 5 4 8 9 10 10 
Case #79: 4 8 8 10 15 
Case #80: 5 5 8 8 10 10 
Case #81: -1
Case #82: 6 3 5 5 5 11 12 
Case #83: 7 1 1 1 1 1 17 19 
Case #84: 6 1 4 8 8 10 10 
Case #85: 6 3 5 5 7 9 12 
Case #86: 6 3 4 7 7 10 10 
Case #87: 4 2 7 16 16 
Case #88: 4 6 8 9 18 
Case #89: 7 2 5 6 6 6 8 8 
Case #90: 6 4 4 6 8 8 11 
Case #91: -1
Case #92: -1
Case #93: 9 2 3 3 3 5 6 6 6 7 
Case #94: 6 3 6 7 7 8 10 
Case #95: 6 3 5 5 7 8 13 
Case #96: 5 3 6 8 8 16 
Case #97: 5 6 7 9 9 10 
Case #98: 4 2 7 12 20 
Case #99: -1
Case #100: 5 1 1 1 6 32 
Case #101: 5 5 7 8 9 12 
Case #102: 23 1 1 1 1 1 1 1 1 1 1 1 1 1 1 1 1 1 1 1 1 1 3 17 
Case #103: -1
Case #104: 5 2 4 11 12 12 
Case #105: 6 4 5 6 8 8 10 
Case #106: 4 2 10 11 18 
Case #107: 5 1 4 10 11 15 
Case #108: 5 1 1 9 9 21 
Case #109: 2 9 32 
Case #110: -1
Case #111: 6 2 5 5 8 8 13 
Case #112: -1
Case #113: 6 3 4 8 8 8 10 
Case #114: -1
Case #115: 6 3 5 6 8 9 10 
Case #116: 7 2 4 4 7 8 8 8 
Case #117: 5 4 7 9 10 11 
Case #118: 6 3 4 8 8 9 9 
Case #119: 6 1 2 5 9 9 15 
Case #120: -1
Case #121: -1
Case #122: 7 3 5 5 6 7 7 8 
Case #123: 9 1 1 1 1 1 1 3 5 27 
Case #124: 4 4 5 16 16 
Case #125: 4 3 8 15 15 
Case #126: 7 1 1 1 1 3 7 27 
Case #127: 5 7 7 7 10 10 
Case #128: 4 5 8 9 19 
Case #129: 5 1 3 7 8 22 
Case #130: -1
Case #131: 6 3 6 6 7 7 12 
Case #132: 4 5 8 12 16 
Case #133: 5 5 5 6 10 15 
Case #134: 9 2 4 4 4 4 5 6 6 6 
Case #135: 5 5 8 9 9 10 
Case #136: 5 4 5 7 10 15 
Case #137: -1
Case #138: 8 2 3 3 3 6 6 9 9 
Case #139: 6 5 5 5 5 9 12 
Case #140: 5 2 4 9 12 14 
Case #141: -1
Case #142: 4 7 9 10 15 
Case #143: 5 1 1 6 16 17 
Case #144: 5 1 4 8 12 16 
Case #145: 5 1 6 7 9 18 
Case #146: 6 1 3 7 7 7 16 
Case #147: -1
Case #148: -1
Case #149: 5 6 7 8 8 12 
Case #150: 5 5 7 9 10 10 
Case #151: 6 3 4 4 8 11 11 
Case #152: 4 4 9 14 14 
Case #153: 7 2 4 5 7 7 8 8 
Case #154: 21 1 1 1 1 1 1 1 1 1 1 1 1 1 1 1 1 1 1 1 3 19 
Case #155: 16 1 1 1 1 1 1 1 1 1 1 1 1 1 1 1 26 
Case #156: 5 6 7 8 10 10 
Case #157: 8 3 4 5 5 6 6 6 6 
Case #158: -1
Case #159: 6 4 6 6 6 8 11 
Case #160: 6 2 5 5 5 9 15 
Case #161: 25 1 1 1 1 1 1 1 1 1 1 1 1 1 1 1 1 1 1 1 1 1 1 1 1 17 
Case #162: 3 3 6 32 
Case #163: 5 1 2 7 10 21 
Case #164: 7 2 3 4 8 8 8 8 
Case #165: 8 3 5 5 5 5 5 5 8 
Case #166: 6 2 4 7 8 10 10 
Case #167: 7 5 5 6 6 6 6 7 
Case #168: 5 4 4 8 10 15 
Case #169: 7 3 4 5 6 6 6 11 
Case #170: 6 3 5 7 7 8 11 
Case #171: 6 2 7 7 7 8 10 
Case #172: -1
Case #173: 5 6 6 7 9 13 
Case #174: 4 7 10 10 14 
Case #175: 7 4 5 5 6 6 6 9 
Case #176: 7 3 4 5 5 7 8 9 
Case #177: -1
Case #178: 11 1 1 1 1 1 1 1 1 1 4 28 
Case #179: 4 3 6 16 16 
Case #180: 4 2 10 14 15 
Case #181: 13 1 1 1 1 1 1 1 1 1 1 3 7 21 
Case #182: 7 4 5 5 5 5 8 9 
Case #183: -1
Case #184: 25 1 1 1 1 1 1 1 1 1 1 1 1 1 1 1 1 1 1 1 1 1 1 1 3 15 
Case #185: 5 2 6 8 9 16 
Case #186: 6 1 3 9 9 9 10 
Case #187: -1
Case #188: 5 3 6 10 10 12 
Case #189: 5 7 7 8 9 10 
Case #190: 14 1 1 1 1 1 1 1 1 1 1 1 1 2 27 
Case #191: 13 1 1 1 1 1 1 1 1 1 1 1 5 25 
Case #192: 4 3 5 8 25 
Case #193: -1
Case #194: -1
Case #195: 7 1 1 1 5 7 7 19 
Case #196: -1
Case #197: 7 3 6 6 6 6 6 8 
Case #198: 5 1 6 9 12 13 
Case #199: 7 2 3 4 5 6 8 13 
Case #200: 4 8 8 9 16 
Case #201: 23 1 1 1 1 1 1 1 1 1 1 1 1 1 1 1 1 1 1 1 1 1 7 13 
Case #202: 9 4 4 4 4 4 4 4 5 8 
Case #203: 7 2 3 5 6 7 9 9 
Case #204: 6 3 5 6 7 10 10 
Case #205: 6 1 4 8 8 8 12 
Case #206: 4 6 8 11 16 
Case #207: 34 1 1 1 1 1 1 1 1 1 1 1 1 1 1 1 1 1 1 1 1 1 1 1 1 1 1 1 1 1 1 1 1 1 8 
Case #208: 6 3 5 7 8 9 9 
Case #209: 10 2 3 3 3 3 4 5 6 6 6 
Case #210: 3 5 16 20 
Case #211: 5 4 4 7 10 16 
Case #212: -1
Case #213: 4 3 9 13 16 
Case #214: 5 1 1 1 2 36 
Case #215: 7 3 5 5 6 6 7 9 
Case #216: 5 2 3 8 11 17 
Case #217: 8 2 4 4 5 5 5 8 8 
Case #218: 3 4 5 32 
Case #219: 5 3 4 8 9 17 
Case #220: 9 1 1 1 1 1 1 1 2 32 
Case #221: 4 2 10 13 16 
Case #222: -1
Case #223: 5 5 8 8 9 11 
Case #224: 16 1 1 1 1 1 1 1 1 1 1 1 1 1 1 2 25 
Case #225: -1
Case #226: 4 2 3 18 18 
Case #227: 4 3 8 12 18 
Case #228: 8 2 3 4 4 5 7 8 8 
Case #229: -1
Case #230: 6 2 5 7 7 10 10 
Case #231: -1
Case #232: 4 4 7 10 20 
Case #233: 6 3 4 7 8 9 10 
Case #234: 10 1 1 1 1 1 1 1 1 2 31 
Case #235: 7 3 3 3 5 9 9 9 
Case #236: 3 10 10 21 
Case #237: 8 3 4 4 5 5 6 6 8 
Case #238: 21 1 1 1 1 1 1 1 1 1 1 1 1 1 1 1 1 1 1 1 5 17 
Case #239: -1
Case #240: 8 2 3 3 5 6 6 7 9 
Case #241: 7 2 3 6 6 7 8 9 
Case #242: 4 2 9 10 20 
Case #243: 3 2 9 30 
Case #244: 8 2 3 4 4 6 6 8 8 
Case #245: 8 1 1 1 1 1 1 2 33 
Case #246: 3 5 9 27 
Case #247: 6 2 4 6 9 10 10 
Case #248: 7 2 3 5 5 8 9 9 
Case #249: 5 4 7 7 7 16 
Case #250: -1
Case #251: 6 5 6 6 8 8 8 
Case #252: 4 2 7 8 24 
Case #253: -1
Case #254: 4 5 6 15 15 
Case #255: 5 2 7 7 7 18 
Case #256: 5 6 7 7 9 12 
Case #257: 7 2 5 5 6 7 7 9 
Case #258: 4 4 7 15 15 
Case #259: 5 2 4 9 9 17 
Case #260: 6 5 6 6 6 9 9 
Case #261: 6 4 5 6 6 9 11 
Case #262: 13 1 1 1 1 1 1 1 1 1 1 1 2 28 
Case #263: 37 1 1 1 1 1 1 1 1 1 1 1 1 1 1 1 1 1 1 1 1 1 1 1 1 1 1 1 1 1 1 1 1 1 1 1 1 5 
Case #264: 7 1 1 1 1 1 3 33 
Case #265: -1
Case #266: 5 1 1 2 5 32 
Case #267: -1
Case #268: 5 4 7 10 10 10 
Case #269: 5 4 7 8 10 12 
Case #270: 7 3 4 5 6 6 8 9 
Case #271: -1
Case #272: 8 2 4 5 6 6 6 6 6 
Case #273: 4 2 12 12 15 
Case #274: 5 6 6 8 8 13 
Case #275: 7 2 5 5 6 6 8 9 
Case #276: -1
Case #277: 4 1 5 17 18 
Case #278: 10 1 1 1 1 1 1 1 1 4 29 
Case #279: -1
Case #280: 4 2 8 9 22 
Case #281: -1
Case #282: 6 2 6 7 8 9 9 
Case #283: 7 2 6 6 6 6 6 9 
Case #284: 6 2 5 6 8 10 10 
Case #285: 9 2 3 4 4 4 4 4 8 8 
Case #286: 7 5 5 5 5 5 8 8 
Case #287: 5 3 7 7 12 12 
Case #288: 5 5 7 7 10 12 
Case #289: 5 1 7 10 10 13 
Case #290: 3 2 3 36 
Case #291: -1
Case #292: 10 2 3 4 4 4 4 4 4 4 8 
Case #293: 8 4 4 5 5 5 6 6 6 
Case #294: 4 3 8 10 20 
Case #295: 7 4 5 5 5 6 8 8 
Case #296: -1
Case #297: -1
Case #298: -1
Case #299: 6 1 1 3 8 11 17 
Case #300: 7 3 4 5 5 8 8 8 
Case #301: -1
Case #302: 5 4 7 9 9 12 
Case #303: 6 3 5 6 8 8 11 
Case #304: 8 2 3 4 4 6 7 7 8 
Case #305: 5 2 6 9 10 14 
Case #306: 6 4 6 6 8 8 9 
Case #307: 6 1 2 6 8 8 16 
Case #308: -1
Case #309: 6 1 2 7 8 10 13 
Case #310: -1
Case #311: 36 1 1 1 1 1 1 1 1 1 1 1 1 1 1 1 1 1 1 1 1 1 1 1 1 1 1 1 1 1 1 1 1 1 1 1 6 
Case #312: 9 3 4 4 4 4 4 4 6 8 
Case #313: 38 1 1 1 1 1 1 1 1 1 1 1 1 1 1 1 1 1 1 1 1 1 1 1 1 1 1 1 1 1 1 1 1 1 1 1 1 1 4 
Case #314: 7 4 5 5 6 6 7 8 
Case #315: 13 1 1 1 1 1 1 1 1 1 1 7 11 13 
Case #316: 6 2 5 7 8 8 11 
Case #317: 6 1 1 1 1 2 35 
Case #318: 4 2 11 14 14 
Case #319: 5 5 7 8 8 13 
Case #320: 9 2 3 3 3 5 5 5 6 9 
Case #321: 8 2 3 5 5 6 6 6 8 
Case #322: -1
Case #323: 2 20 21 
Case #324: 5 4 5 8 8 16 
Case #325: 7 2 3 5 5 8 8 10 
Case #326: -1
Case #327: 7 2 3 5 5 6 9 11 
Case #328: 6 2 7 7 8 8 9 
Case #329: 3 1 17 23 
Case #330: 4 2 6 13 20 
Case #331: 6 2 4 7 9 9 10 
Case #332: -1
Case #333: -1
Case #334: 5 3 6 9 11 12 
Case #335: 7 2 3 4 6 7 8 11 
Case #336: 7 1 1 1 1 2 9 26 
Case #337: 6 1 1 1 2 17 19 
Case #338: -1
Case #339: 6 2 5 5 7 9 13 
Case #340: 8 3 4 4 5 5 5 7 8 
Case #341: 4 3 5 6 27 
Case #342: 4 4 8 14 15 
Case #343: 2 5 36 
Case #344: 7 2 3 5 5 7 9 10 
Case #345: 4 1 2 14 24 
Case #346: 7 4 5 6 6 6 6 8 
Case #347: 5 2 5 10 12 12 
Case #348: 5 1 2 6 16 16 
Case #349: 6 3 5 5 8 10 10 
Case #350: -1
Case #351: 5 3 6 6 9 17 
Case #352: 6 2 6 8 8 8 9 
Case #353: 6 2 5 7 7 9 11 
Case #354: 6 3 5 5 8 9 11 
Case #355: 10 1 1 1 1 1 1 1 1 1 32 
Case #356: 5 2 3 9 10 17 
Case #357: 7 1 1 1 3 5 15 15 
Case #358: 6 2 3 4 7 8 17 
Case #359: 4 4 6 11 20 
Case #360: 6 3 3 5 9 9 12 
Case #361: 6 2 3 6 9 10 11 
Case #362: 5 2 6 10 11 12 
Case #363: 7 2 3 5 7 8 8 8 
Case #364: 6 1 5 5 9 10 11 
Case #365: 6 2 5 7 7 8 12 
Case #366: 9 2 3 3 4 5 6 6 6 6 
Case #367: 8 2 5 5 5 6 6 6 6 
Case #368: 8 2 5 5 5 5 5 5 9 
Case #369: -1
Case #370: 5 2 5 5 14 15 
Case #371: 5 4 5 9 10 13 
Case #372: 7 3 4 4 6 8 8 8 
Case #373: 6 2 3 6 8 11 11 
Case #374: -1
Case #375: 6 4 5 5 8 8 11 
Case #376: 9 2 3 4 4 4 5 5 6 8 
Case #377: 6 1 3 6 8 11 12 
Case #378: 6 3 5 7 8 8 10 
Case #379: 6 1 2 5 5 9 19 
Case #380: 5 3 5 8 11 14 
Case #381: 12 1 1 1 1 1 1 1 1 1 1 3 28 
Case #382: -1
Case #383: 4 1 7 15 18 
Case #384: 6 3 6 8 8 8 8 
Case #385: -1
Case #386: 6 2 5 8 8 9 9 
Case #387: 13 1 1 1 1 1 1 1 1 1 1 1 4 26 
Case #388: 8 2 3 4 4 4 5 8 11 
Case #389: 8 2 3 6 6 6 6 6 6 
Case #390: 5 2 6 8 8 17 
Case #391: 3 1 18 22 
Case #392: 4 3 7 10 21 
Case #393: 3 1 2 38 
Case #394: 4 5 5 15 16 
Case #395: 32 1 1 1 1 1 1 1 1 1 1 1 1 1 1 1 1 1 1 1 1 1 1 1 1 1 1 1 1 1 1 1 10 
Case #396: 17 1 1 1 1 1 1 1 1 1 1 1 1 1 1 1 3 23 
Case #397: 3 1 3 37 
Case #398: 4 3 7 13 18 
Case #399: -1
Case #400: 3 3 16 22 
Case #401: 7 5 6 6 6 6 6 6 
Case #402: 4 6 6 11 18 
Case #403: 4 4 10 11 16 
Case #404: 8 3 4 5 5 5 5 6 8 
Case #405: 4 3 10 12 16 
Case #406: -1
Case #407: -1
Case #408: 13 1 1 1 1 1 1 1 1 1 1 1 3 27 
Case #409: 7 1 2 6 8 8 8 8 
Case #410: -1
Case #411: 5 3 5 10 11 12 
Case #412: -1
Case #413: -1
Case #414: -1
Case #415: 3 10 13 18 
Case #416: 5 1 1 2 15 22 
Case #417: 8 1 1 1 2 9 9 9 9 
Case #418: 19 1 1 1 1 1 1 1 1 1 1 1 1 1 1 1 1 1 3 21 
Case #419: 8 1 1 1 1 1 1 1 34 
Case #420: 8 4 4 4 5 6 6 6 6 
Case #421: 3 7 7 27 
Case #422: 6 2 5 5 9 9 11 
Case #423: 5 5 9 9 9 9 
Case #424: 6 1 2 7 7 8 16 
Case #425: 7 2 3 6 7 7 8 8 
Case #426: 8 1 2 5 5 5 5 9 9 
Case #427: 5 1 9 10 10 11 
Case #428: 3 8 9 24 
Case #429: 6 4 5 5 9 9 9 
Case #430: -1
Case #431: 6 2 6 7 7 7 12 
Case #432: -1
Case #433: 6 2 6 6 9 9 9 
Case #434: 15 1 1 1 1 1 1 1 1 1 1 1 1 1 2 26 
Case #435: 5 3 3 6 13 16 
Case #436: 7 2 3 5 6 7 8 10 
Case #437: 8 2 4 4 5 5 6 7 8 
Case #438: 7 3 4 4 5 6 8 11 
Case #439: 6 3 7 7 7 8 9 
Case #440: -1
Case #441: -1
Case #442: -1
Case #443: 4 5 5 10 21 
Case #444: 7 3 4 6 6 7 7 8 
Case #445: -1
Case #446: 7 2 3 7 7 7 7 8 
Case #447: 9 3 3 3 3 5 6 6 6 6 
Case #448: 8 3 4 4 4 4 6 8 8 
Case #449: 6 2 4 5 8 9 13 
Case #450: 5 6 8 8 8 11 
Case #451: 17 1 1 1 1 1 1 1 1 1 1 1 1 1 1 1 4 22 
Case #452: 41 1 1 1 1 1 1 1 1 1 1 1 1 1 1 1 1 1 1 1 1 1 1 1 1 1 1 1 1 1 1 1 1 1 1 1 1 1 1 1 1 1 
Case #453: 4 1 7 16 17 
Case #454: 8 2 3 4 5 6 6 7 8 
Case #455: 6 3 5 8 8 8 9 
Case #456: 5 2 5 8 12 14 
Case #457: 5 2 7 8 12 12 
Case #458: 3 3 14 24 
Case #459: 6 3 6 7 8 8 9 
Case #460: 8 2 3 3 3 3 5 9 13 
Case #461: 5 2 3 8 9 19 
Case #462: 5 2 7 7 10 15 
Case #463: 6 2 4 6 8 8 13 
Case #464: 6 3 5 6 6 8 13 
Case #465: -1
Case #466: -1
Case #467: 5 3 7 7 8 16 
Case #468: 5 1 1 2 9 28 
Case #469: 8 2 4 5 5 5 5 6 9 
Case #470: 9 2 3 4 4 5 5 6 6 6 
Case #471: 7 5 5 5 5 6 6 9 
Case #472: 4 8 10 11 12 
Case #473: 4 3 5 13 20 
Case #474: 4 4 10 12 15 
Case #475: 6 1 2 7 7 9 15 
Case #476: -1
Case #477: 7 5 5 5 6 6 6 8 
Case #478: 4 5 9 9 18 
Case #479: 7 4 6 6 6 6 6 7 
Case #480: 6 3 3 5 7 11 12 
Case #481: 3 6 16 19 
Case #482: 7 2 3 5 6 6 8 11 
Case #483: 8 2 3 4 4 4 8 8 8 
Case #484: 5 6 8 8 9 10 
Case #485: 5 5 6 8 9 13 
Case #486: -1
Case #487: 6 1 1 5 5 13 16 
Case #488: 5 3 7 8 10 13 
Case #489: 31 1 1 1 1 1 1 1 1 1 1 1 1 1 1 1 1 1 1 1 1 1 1 1 1 1 1 1 1 1 1 11 
Case #490: 8 2 4 4 5 6 6 6 8 
Case #491: 4 7 8 12 14 
Case #492: 4 5 8 8 20 
Case #493: 4 3 6 14 18 
Case #494: 6 1 1 2 5 9 23 
Case #495: 6 5 6 7 7 8 8 
Case #496: -1
Case #497: 6 4 5 5 8 9 10 
Case #498: 11 1 1 1 1 1 1 1 1 1 1 31 
Case #499: 5 5 5 5 10 16 
Case #500: 25 1 1 1 1 1 1 1 1 1 1 1 1 1 1 1 1 1 1 1 1 1 1 1 5 13 
Case #501: 6 2 5 6 6 9 13 
Case #502: 9 1 1 1 1 1 1 1 1 33 
Case #503: 5 1 2 9 11 18 
Case #504: 4 1 3 10 27 
Case #505: 5 2 7 9 10 13 
Case #506: 6 5 6 6 6 7 11 
Case #507: 5 2 8 9 10 12 
Case #508: -1
Case #509: 9 2 3 4 4 5 5 5 5 8 
Case #510: 4 9 10 10 12 
Case #511: 8 2 3 5 5 5 6 7 8 
Case #512: 5 1 1 3 17 19 
Case #513: 3 7 12 22 
Case #514: 7 4 4 6 6 6 7 8 
Case #515: -1
Case #516: 6 3 4 7 8 8 11 
Case #517: 10 1 1 1 1 1 1 1 1 3 30 
Case #518: 6 6 6 6 6 6 11 
Case #519: -1
Case #520: 4 3 11 12 15 
Case #521: 8 2 3 4 6 6 6 6 8 
Case #522: 5 3 8 9 9 12 
Case #523: 5 2 9 10 10 10 
Case #524: 5 2 7 8 10 14 
Case #525: 4 6 11 12 12 
Case #526: 6 1 1 8 8 10 13 
Case #527: 8 1 1 1 1 1 1 4 31 
Case #528: 5 2 6 7 12 14 
Case #529: 7 3 4 5 5 5 9 10 
Case #530: 6 4 6 6 7 9 9 
Case #531: 4 7 7 9 18 
Case #532: 4 3 3 3 32 
Case #533: 4 7 7 11 16 
Case #534: 6 2 4 5 9 10 11 
Case #535: 7 2 3 5 6 8 8 9 
Case #536: 6 2 5 7 8 9 10 
Case #537: 4 3 3 16 19 
Case #538: 7 3 5 5 5 6 8 9 
Case #539: 9 1 1 1 1 1 1 1 3 31 
Case #540: 7 3 4 6 6 6 7 9 
Case #541: 3 5 6 30 
Case #542: 7 2 5 5 5 5 7 12 
Case #543: 9 2 3 3 3 3 6 6 6 9 
Case #544: -1
Case #545: 5 1 6 9 11 14 
Case #546: 9 3 3 3 3 3 5 6 6 9 
Case #547: 7 3 4 5 5 6 9 9 
Case #548: 6 3 4 6 8 10 10 
Case #549: 6 3 5 7 7 7 12 
Case #550: -1
Case #551: 8 1 1 2 5 5 5 9 13 
Case #552: 6 2 5 6 9 9 10 
Case #553: 7 3 4 4 4 5 8 13 
Case #554: 6 1 2 7 10 10 11 
Case #555: 4 6 10 11 14 
Case #556: 8 3 3 5 5 6 6 6 7 
Case #557: 5 2 4 8 11 16 
Case #558: 6 6 6 6 7 7 9 
Case #559: 5 1 3 7 14 16 
Case #560: 7 2 4 5 5 6 8 11 
Case #561: -1
Case #562: 6 2 6 6 7 8 12 
Case #563: 21 1 1 1 1 1 1 1 1 1 1 1 1 1 1 1 1 1 1 1 9 13 
Case #564: 3 9 14 18 
Case #565: -1
Case #566: -1
Case #567: -1
Case #568: -1
Case #569: 6 3 3 6 6 9 14 
Case #570: 6 6 6 6 7 8 8 
Case #571: -1
Case #572: 8 3 4 4 5 6 6 6 7 
Case #573: 5 3 9 9 10 10 
Case #574: 6 5 5 6 8 8 9 
Case #575: 5 6 6 9 9 11 
Case #576: 7 2 3 6 6 8 8 8 
Case #577: 4 3 7 8 23 
Case #578: -1
Case #579: 4 2 9 15 15 
Case #580: -1
Case #581: 5 1 5 10 10 15 
Case #582: 6 2 3 5 7 11 13 
Case #583: 5 4 7 7 9 14 
Case #584: -1
Case #585: 4 4 9 10 18 
Case #586: 5 2 5 7 9 18 
Case #587: -1
Case #588: 4 10 10 10 11 
Case #589: 5 4 8 9 9 11 
Case #590: 6 2 3 5 9 9 13 
Case #591: 6 3 3 5 5 12 13 
Case #592: 3 6 17 18 
Case #593: 6 2 3 8 9 9 10 
Case #594: 21 1 1 1 1 1 1 1 1 1 1 1 1 1 1 1 1 1 1 1 11 11 
Case #595: 4 1 1 7 32 
Case #596: -1
Case #597: 8 2 4 4 4 5 6 8 8 
Case #598: -1
Case #599: 4 3 4 16 18 
Case #600: 8 2 3 3 5 5 5 9 9 
Case #601: 6 4 5 6 8 9 9 
Case #602: 5 4 6 7 12 12 
Case #603: -1
Case #604: 2 2 39 
Case #605: -1
Case #606: 6 3 4 6 8 9 11 
Case #607: -1
Case #608: 6 3 5 7 7 9 10 
Case #609: -1
Case #610: -1
Case #611: -1
Case #612: 6 2 4 7 7 9 12 
Case #613: -1
Case #614: 5 3 6 8 12 12 
Case #615: -1
Case #616: 6 5 5 6 7 8 10 
Case #617: 11 1 1 1 1 1 1 1 1 1 5 27 
Case #618: 6 1 1 1 1 5 32 
Case #619: -1
Case #620: 6 1 2 5 7 9 17 
Case #621: -1
Case #622: 4 2 6 9 24 
Case #623: 4 3 6 11 21 
Case #624: 19 1 1 1 1 1 1 1 1 1 1 1 1 1 1 1 1 1 5 19 
Case #625: 20 1 1 1 1 1 1 1 1 1 1 1 1 1 1 1 1 1 1 2 21 
Case #626: 10 2 3 3 3 3 3 3 6 6 9 
Case #627: 8 1 1 1 1 1 2 13 21 
Case #628: 4 1 12 14 14 
Case #629: 4 1 4 15 21 
Case #630: 4 2 6 12 21 
Case #631: 5 2 5 9 12 13 
Case #632: 3 6 14 21 
Case #633: 6 2 3 5 8 10 13 
Case #634: 5 3 7 8 11 12 
Case #635: 4 1 4 11 25 
Case #636: 7 2 5 5 6 7 8 8 
Case #637: 4 1 3 7 30 
Case #638: 5 1 4 9 13 14 
Case #639: 35 1 1 1 1 1 1 1 1 1 1 1 1 1 1 1 1 1 1 1 1 1 1 1 1 1 1 1 1 1 1 1 1 1 1 7 
Case #640: 4 1 8 12 20 
Case #641: 4 5 12 12 12 
Case #642: 10 2 3 3 3 3 3 3 5 7 9 
Case #643: 6 2 3 4 5 8 19 
Case #644: 24 1 1 1 1 1 1 1 1 1 1 1 1 1 1 1 1 1 1 1 1 1 1 1 18 
Case #645: 5 2 5 8 10 16 
Case #646: 6 1 1 1 1 1 36 
Case #647: 6 3 5 6 9 9 9 
Case #648: 7 2 3 5 5 7 8 11 
Case #649: 7 4 4 4 6 7 8 8 
Case #650: 4 6 10 10 15 
Case #651: 18 1 1 1 1 1 1 1 1 1 1 1 1 1 1 1 1 2 23 
Case #652: 27 1 1 1 1 1 1 1 1 1 1 1 1 1 1 1 1 1 1 1 1 1 1 1 1 1 5 11 
Case #653: 4 2 6 16 17 
Case #654: 7 4 4 5 5 7 8 8 
Case #655: 5 1 5 5 10 20 
Case #656: -1
Case #657: 5 4 6 9 10 12 
Case #658: 7 3 3 5 6 6 9 9 
Case #659: 4 7 8 10 16 
Case #660: 5 3 6 8 10 14 
Case #661: 4 5 9 12 15 
Case #662: 6 2 3 8 8 9 11 
Case #663: -1
Case #664: 23 1 1 1 1 1 1 1 1 1 1 1 1 1 1 1 1 1 1 1 1 1 1 19 
Case #665: 3 9 16 16 
Case #666: 7 2 6 6 6 6 7 8 
Case #667: 4 2 6 15 18 
Case #668: 7 2 3 5 7 7 8 9 
Case #669: 6 3 4 5 9 10 10 
Case #670: -1
Case #671: 20 1 1 1 1 1 1 1 1 1 1 1 1 1 1 1 1 1 1 1 22 
Case #672: 4 2 5 12 22 
Case #673: 4 5 10 11 15 
Case #674: 6 2 5 5 9 10 10 
Case #675: 5 2 7 9 9 14 
Case #676: 8 2 3 5 5 5 5 7 9 
Case #677: 8 3 3 4 5 5 6 6 9 
Case #678: 4 1 1 2 37 
Case #679: 7 1 1 1 1 1 4 32 
Case #680: -1
Case #681: 21 1 1 1 1 1 1 1 1 1 1 1 1 1 1 1 1 1 1 1 1 21 
Case #682: 8 3 4 4 4 4 7 7 8 
Case #683: 8 3 3 3 4 6 6 7 9 
Case #684: 3 12 14 15 
Case #685: -1
Case #686: 8 2 3 5 5 5 5 8 8 
Case #687: 2 1 40 
Case #688: 4 5 7 11 18 
Case #689: -1
Case #690: 4 4 11 12 14 
Case #691: -1
Case #692: 5 2 3 9 9 18 
Case #693: 5 2 5 9 11 14 
Case #694: -1
Case #695: 7 1 1 1 5 9 9 15 
Case #696: 8 3 3 5 6 6 6 6 6 
Case #697: 19 1 1 1 1 1 1 1 1 1 1 1 1 1 1 1 1 1 1 23 
Case #698: 5 3 5 7 12 14 
Case #699: 5 3 4 8 13 13 
Case #700: 4 3 11 11 16 
Case #701: 12 1 1 1 1 1 1 1 1 1 1 1 30 
Case #702: -1
Case #703: 6 2 3 5 5 9 17 
Case #704: 3 6 11 24 
Case #705: 6 1 1 2 5 16 16 
Case #706: 29 1 1 1 1 1 1 1 1 1 1 1 1 1 1 1 1 1 1 1 1 1 1 1 1 1 1 1 1 13 
Case #707: 4 3 9 11 18 
Case #708: -1
Case #709: 8 3 4 4 6 6 6 6 6 
Case #710: 5 3 6 7 8 17 
Case #711: 4 3 5 12 21 
Case #712: -1
Case #713: 8 1 1 1 1 1 1 3 32 
Case #714: -1
Case #715: 4 4 6 9 22 
Case #716: -1
Case #717: 6 2 3 5 9 11 11 
Case #718: 5 5 8 8 8 12 
Case #719: -1
Case #720: -1
Case #721: 4 1 11 14 15 
Case #722: 8 2 3 3 5 5 7 7 9 
Case #723: 9 3 4 4 4 4 4 5 5 8 
Case #724: -1
Case #725: -1
Case #726: -1
Case #727: 9 1 1 1 1 1 1 1 4 30 
Case #728: -1
Case #729: -1
Case #730: 10 2 3 3 3 3 3 5 5 5 9 
Case #731: 5 3 8 10 10 10 
Case #732: 7 4 4 5 6 6 8 8 
Case #733: 3 7 14 20 
Case #734: 7 3 4 5 5 6 8 10 
Case #735: 8 3 4 4 4 5 6 7 8 
Case #736: 7 4 5 6 6 6 7 7 
Case #737: 5 2 4 7 12 16 
Case #738: -1
Case #739: 7 2 3 4 5 8 8 11 
Case #740: 5 3 4 9 10 15 
Case #741: 4 1 7 9 24 
Case #742: 7 1 4 4 8 8 8 8 
Case #743: -1
Case #744: 17 1 1 1 1 1 1 1 1 1 1 1 1 1 1 1 1 25 
Case #745: 5 2 9 9 10 11 
Case #746: 22 1 1 1 1 1 1 1 1 1 1 1 1 1 1 1 1 1 1 1 1 1 20 
Case #747: 6 4 5 5 7 10 10 
Case #748: 7 2 3 4 4 7 8 13 
Case #749: 3 10 11 20 
Case #750: 6 5 5 5 7 9 10 
Case #751: 6 1 2 5 9 11 13 
Case #752: 7 3 4 5 5 5 8 11 
Case #753: 4 3 7 11 20 
Case #754: -1
Case #755: 5 1 4 5 13 18 
Case #756: 5 2 5 9 10 15 
Case #757: -1
Case #758: 9 2 3 3 3 3 5 6 7 9 
Case #759: 5 2 5 9 9 16 
Case #760: -1
Case #761: 19 1 1 1 1 1 1 1 1 1 1 1 1 1 1 1 1 1 2 22 
Case #762: 5 2 6 9 12 12 
Case #763: 7 2 4 5 5 8 8 9 
Case #764: 4 1 6 7 27 
Case #765: -1
Case #766: 33 1 1 1 1 1 1 1 1 1 1 1 1 1 1 1 1 1 1 1 1 1 1 1 1 1 1 1 1 1 1 1 1 9 
Case #767: 27 1 1 1 1 1 1 1 1 1 1 1 1 1 1 1 1 1 1 1 1 1 1 1 1 1 1 15 
Case #768: 12 1 1 1 1 1 1 1 1 1 1 2 29 
Case #769: 7 2 3 6 6 6 9 9 
Case #770: -1
Case #771: 6 3 4 4 5 8 17 
Case #772: 6 3 3 7 7 9 12 
Case #773: 14 1 1 1 1 1 1 1 1 1 1 1 1 1 28 
Case #774: 7 2 4 5 5 7 8 10 
Case #775: 6 2 7 8 8 8 8 
Case #776: 6 5 5 6 6 8 11 
Case #777: 3 7 10 24 
Case #778: 4 1 1 5 34 
Case #779: 5 3 5 8 8 17 
Case #780: 5 3 8 8 10 12 
Case #781: 16 1 1 1 1 1 1 1 1 1 1 1 1 1 1 6 21 
Case #782: 8 1 2 5 5 5 7 7 9 
Case #783: -1
Case #784: 5 3 4 7 8 19 
Case #785: 7 2 3 5 6 6 6 13 
Case #786: 28 1 1 1 1 1 1 1 1 1 1 1 1 1 1 1 1 1 1 1 1 1 1 1 1 1 1 1 14 
Case #787: 8 3 5 5 5 5 6 6 6 
Case #788: 8 1 1 3 7 7 7 7 8 
Case #789: 4 6 7 12 16 
Case #790: -1
Case #791: 7 3 5 5 5 7 8 8 
Case #792: 5 1 3 7 15 15 
Case #793: 4 6 6 14 15 
Case #794: 4 2 3 4 32 
Case #795: 5 6 6 8 9 12 
Case #796: 8 2 3 3 3 5 5 9 11 
Case #797: -1
Case #798: 9 2 3 4 4 4 4 5 7 8 
Case #799: 5 1 3 8 10 19 
Case #800: 7 2 4 5 5 6 9 10 
Case #801: 4 1 10 15 15 
Case #802: 7 2 5 6 6 7 7 8 
Case #803: -1
Case #804: 4 3 8 11 19 
Case #805: 6 2 5 7 9 9 9 
Case #806: 16 1 1 1 1 1 1 1 1 1 1 1 1 1 1 5 22 
Case #807: -1
Case #808: -1
Case #809: 5 1 2 5 16 17 
Case #810: 5 1 1 9 15 15 
Case #811: 9 1 1 1 1 1 1 1 7 27 
Case #812: 5 2 7 10 10 12 
Case #813: -1
Case #814: 6 2 4 8 8 9 10 
Case #815: 5 1 2 5 13 20 
Case #816: 6 1 2 4 8 10 16 
Case #817: 6 2 6 7 8 8 10 
Case #818: 8 3 4 4 4 6 6 6 8 
Case #819: 9 2 3 3 5 5 5 6 6 6 
Case #820: 6 1 1 4 5 10 20 
Case #821: 6 4 6 7 8 8 8 
Case #822: -1
Case #823: 13 1 1 1 1 1 1 1 1 1 1 1 1 29 
Case #824: 11 1 1 1 1 1 1 1 1 1 3 29 
Case #825: 6 2 4 6 9 9 11 
Case #826: -1
Case #827: 22 1 1 1 1 1 1 1 1 1 1 1 1 1 1 1 1 1 1 1 1 7 14 
Case #828: 4 8 9 12 12 
Case #829: 6 2 3 8 8 10 10 
Case #830: 7 3 4 4 7 7 8 8 
Case #831: 5 1 5 5 15 15 
Case #832: 4 5 9 11 16 
Case #833: 6 1 3 5 9 10 13 
Case #834: 6 1 3 5 7 10 15 
Case #835: 6 4 5 6 7 9 10 
Case #836: -1
Case #837: 26 1 1 1 1 1 1 1 1 1 1 1 1 1 1 1 1 1 1 1 1 1 1 1 1 1 16 
Case #838: 5 8 8 8 8 9 
Case #839: 7 2 4 6 6 7 7 9 
Case #840: 3 11 12 18 
Case #841: 6 1 1 4 5 14 16 
Case #842: 3 6 10 25 
Case #843: 5 2 4 10 10 15 
Case #844: 6 3 7 7 8 8 8 
Case #845: 6 1 1 1 1 3 34 
Case #846: 5 3 5 9 12 12 
Case #847: -1
Case #848: 7 2 4 6 6 6 8 9 
Case #849: 8 2 3 3 6 6 6 6 9 
Case #850: 7 2 4 5 7 7 7 9 
Case #851: 6 2 6 6 6 8 13 
Case #852: -1
Case #853: 8 3 4 4 4 5 5 8 8 
Case #854: 5 5 6 9 10 11 
Case #855: -1
Case #856: -1
Case #857: 6 3 3 3 7 7 18 
Case #858: -1
Case #859: 6 2 6 7 7 9 10 
Case #860: 6 2 3 7 8 8 13 
Case #861: 7 3 4 5 7 7 7 8 
Case #862: 9 2 4 4 4 4 4 5 6 8 
Case #863: 4 3 7 15 16 
Case #864: 7 2 4 5 5 5 9 11 
Case #865: 7 2 5 6 6 6 7 9 
Case #866: 6 5 5 6 7 9 9 
Case #867: 7 1 1 1 1 1 2 34 
Case #868: 5 1 1 11 14 14 
Case #869: 6 2 3 7 9 10 10 
Case #870: 5 1 3 6 8 23 
Case #871: 7 2 5 5 5 8 8 8 
Case #872: 7 3 5 6 6 6 6 9 
Case #873: 6 1 8 8 8 8 8 
Case #874: 5 3 6 8 11 13 
Case #875: 5 3 5 6 8 19 
Case #876: 5 2 6 6 9 18 
Case #877: 6 2 3 6 8 9 13 
Case #878: 11 1 4 4 4 4 4 4 4 4 4 4 
Case #879: 6 3 6 6 7 8 11 
Case #880: -1
Case #881: -1
Case #882: 6 1 1 1 3 11 24 
Case #883: 5 3 6 7 12 13 
Case #884: -1
Case #885: 3 7 16 18 
Case #886: 4 3 8 13 17 
Case #887: 7 2 5 5 6 6 6 11 
Case #888: 8 2 3 4 5 5 7 7 8 
Case #889: 8 2 3 5 5 5 6 6 9 
Case #890: 5 2 7 8 8 16 
Case #891: 6 5 6 6 7 8 9 
Case #892: 7 2 4 6 6 7 8 8 
Case #893: 7 3 5 6 6 6 7 8 
Case #894: 7 3 3 6 6 7 7 9 
Case #895: 3 2 7 32 
Case #896: -1
Case #897: -1
Case #898: 6 5 5 5 5 5 16 
Case #899: 6 1 1 1 6 11 21 
Case #900: 15 1 1 1 1 1 1 1 1 1 1 1 1 1 1 27 
Case #901: -1
Case #902: 5 3 8 8 11 11 
Case #903: 7 2 4 5 6 8 8 8 
Case #904: 8 2 3 4 5 5 6 8 8 
Case #905: 6 4 5 7 8 8 9 
Case #906: 6 3 4 5 8 8 13 
Case #907: 6 1 1 1 3 16 19 
Case #908: 4 3 8 14 16 
Case #909: 6 1 3 7 8 11 11 
Case #910: 7 2 4 5 6 6 9 9 
Case #911: 9 3 3 4 4 4 5 6 6 6 
Case #912: 7 1 1 1 1 1 1 35 
Case #913: 6 2 6 6 8 8 11 
Case #914: 5 3 3 3 5 27 
Case #915: 4 1 1 3 36 
Case #916: 7 2 3 5 5 5 8 13 
Case #917: 3 2 14 25 
Case #918: 29 1 1 1 1 1 1 1 1 1 1 1 1 1 1 1 1 1 1 1 1 1 1 1 1 1 1 1 7 7 
Case #919: 6 2 5 6 7 8 13 
Case #920: 4 2 9 14 16 
Case #921: 5 2 8 9 11 11 
Case #922: 6 3 6 6 6 9 11 
Case #923: 6 2 3 3 5 9 19 
Case #924: -1
Case #925: 6 2 3 5 6 8 17 
Case #926: 8 1 1 1 1 1 3 16 17 
Case #927: 6 1 2 8 10 10 10 
Case #928: 6 2 4 6 7 10 12 
Case #929: 6 2 3 4 8 11 13 
Case #930: 16 1 1 1 1 1 1 1 1 1 1 1 1 1 1 4 23 
Case #931: 7 3 5 5 5 5 8 10 
Case #932: 4 1 3 8 29 
Case #933: 40 1 1 1 1 1 1 1 1 1 1 1 1 1 1 1 1 1 1 1 1 1 1 1 1 1 1 1 1 1 1 1 1 1 1 1 1 1 1 1 2 
Case #934: 5 4 9 9 9 10 
Case #935: 19 1 1 1 1 1 1 1 1 1 1 1 1 1 1 1 1 1 7 17 
Case #936: 4 5 10 10 16 
Case #937: 5 2 5 8 9 17 
Case #938: 15 1 1 1 1 1 1 1 1 1 1 1 1 1 3 25 
Case #939: 6 3 4 6 6 9 13 
Case #940: 4 1 1 1 38 
Case #941: 3 10 15 16 
Case #942: 5 1 3 8 12 17 
Case #943: 18 1 1 1 1 1 1 1 1 1 1 1 1 1 1 1 1 1 24 
Case #944: 5 3 8 8 9 13 
Case #945: -1
Case #946: 8 2 4 5 5 6 6 6 7 
Case #947: 6 5 5 7 8 8 8 
Case #948: 7 2 5 5 5 6 8 10 
Case #949: 19 1 1 1 1 1 1 1 1 1 1 1 1 1 1 1 1 1 4 20 
Case #950: 5 2 5 6 9 19 
Case #951: 5 3 7 9 10 12 
Case #952: -1
Case #953: 3 5 18 18 
Case #954: -1
Case #955: 7 1 1 1 5 5 11 17 
Case #956: 9 2 3 4 4 4 4 6 6 8 
Case #957: 5 2 7 7 12 13 
Case #958: 6 2 5 5 7 10 12 
Case #959: 10 1 4 4 4 4 4 4 4 4 8 
Case #960: 4 2 5 13 21 
Case #961: 6 4 5 8 8 8 8 
Case #962: 6 4 4 4 5 8 16 
Case #963: 25 1 1 1 1 1 1 1 1 1 1 1 1 1 1 1 1 1 1 1 1 1 1 1 7 11 
Case #964: 5 3 8 8 8 14 
Case #965: -1
