965
93312
41472
48
327680
5520
8400
7296
115
67893369
100696425
63180
163840
300000
5824
165888
1440
805306368
981028563
47958485
10000
161280
118272
262440
25200
583200
432255
4374
69984
6765
26460
3510
10080
23100
60
999999998
70200
1800
2000
3528
949106497
900360029
3
49896
23760
1615
5601
118
904152917
81000
361
787320
18720
105
288000
2880
64512
272160
782
4788
813
2431
5044
300
131
368640
52800
96228
37
1520
27000
2160
257
7785
536870912
58320
665
28672
28800
9600
32000
97
49500
323
25600
56700
58800
3584
7776
138240
67584
34111
85881
408240
70560
54600
18432
34020
3360
94
192
30240
51
1249
12672
76800
3960
6600
1701
288
71805
41600
79548
61440
47
64800
114688
27720
62208
12150
1000000000
1671
176400
405
5120
5400
567
34300
6840
3696
474
63504
7680
22500
552960
32400
21000
746803744
157464
67500
12096
5721
9450
1632
6144
6804
16464
3157819
129
32256
31500
46464
7056
125440
57
26
33600
388800
91857
76032
33750
17
576
2940
98304
375000
44800
226800
19200
142560
64680
54880
1000000
29484
9800
194400
151200
47473
112
4608
4200
441
180000
122
45
13824
21870
2403381
21600
35280
54
125
3000
48238
633
4655
3509575
186624
8424
74880
9216
91
655360
102060
63000
24576
8448
8
68040
699840
1600
17920
8347
5616
72
170100
8976
256000
640
14688
64
4160
113
31680
50
983900459
1944
5184
215040
27184698
49000
70235461
5600
60480
62
98415
2100
345600
85
7390
204120
108864
3600
540
221184
66
1215
43200
97200
21952
83
92160
2688
33108
6750
12348
31752
132300
6300
11016
87480
71280
56
5
99
11085765
320
2707
28000
26880
155520
673921
311040
4320
29952
129600
86
1530
116
5073
3168
934
54432
139968
48000
393216
200000
21168
29400
9100
216
82
786432
432000
4800
192000
6399199
84579
281
4488
153600
999999937
27216
63360
225792
15120
82944
12288
938017885
14560
53940
6
589824
4
201600
1001
49280
70
4312
29120
364500
259200
587234
420
20480
96000
926315427
89100
56448
391
3120
45360
457481
473
21384
88704
468
646
688978813
40950
336000
2430
6720
180
94500
672
207360
14400
3072
60000
42755209
16524
55296
48510
59400
32
9180
3375
22848
5280
43740
35640
15840
107520
24750
47040
466560
324000
281250
58054077
10500
23400
147456
34848
482421315
70400
460800
19008
67200
8550
18480
84
2097152
1890
73728
5657
51840
104
168960
279936
13056
396
4410
76
6000
10
69
111
4914
64922375
1056
233280
7128
7040
360000
5760
9489
559
81
49152
4733
19800
59
80949857
998506315
2340
660
13122
63
34
414720
1323
44550
32805
12544
112896
101250
9900
1728
72900
362
49392
103
52488
52
11232
100800
268800
126720
74088
25490988
2618049
625433749
5250
169344
43
115248
524880
294912
37440
33792
88
1
1904
241920
69120
13440
16128
1008
72576
94770
8208
14700
39936
56160
25002
118263990
18816
504
270000
518400
202500
10560
3900
7200
13230
8660
216000
7290
217728
41580
1824
95040
196608
34560
28080
109
5200
21840
11
276480
9408
6400
4536
2070
94080
641
72000
31
20000
65
42120
33
3564
810
16380
83160
17280
1817
480000
10800
252000
969
1848
193536
4943
59136
90
85536
7455307
5940
248832
23328
18000
15680
9504
8320
124
14112
135000
81648
7938
864
8624
39600
103680
50400
2736
162000
93
163296
900
105000
314928
957262828
8316
393660
145800
57600
61740
193
29250
48600
99840
15400
9240
340200
11264
95256
4704
105600
725573
48384
117
2268
999999999
986129769
7389
106
40824
96768
987
362880
24300
86400
32076
110592
3864
6541551
4050
127
7500
30030
24696
30973
6480
11340
79
11000
28512
31590
35100
1836
38880
121
224
922505446
245760
42105
3456
182250
77760
24192
8772
78
82268566
57024
998244353
66150
122877509
8015864
5297
42336
214573
20736
409342369
84000
135
160
282791
10710
510205
2592
4158
95
42
472392
546
2352
1260
3024
14040
1764
31200
22176
1100
134400
630
6552
7
1920
8640
459270
18240
18
12800
36
65610
92400
172032
9000
46
55
3264
179200
5000
4539685
25920
131220
8960
20160
8100
38016
653477439
19
2304
145152
3240
105840
54000
8372259
22
2640
8250
45000
15876
236250
291600
74
128
2906162
21
301056
244944
2520
1741
240000
40
6930
53
7392
994617
8748
13860
621008
6075
349920
23
17640
16224
5808
30
9827
22950
1584
2560
13
5346
8087519
373248
17136
3780
101
96
6037
4752
697106497
32670
30720
61966
501
2310
198450
614400
519
476014
71
120
36283838
38497
546750
24000
184320
1960
144000
322560
211680
10752
226151256
84480
16200
1512
65536
395
25
17820
20
70000
69888
2200
78750
12870
132000
4620
916855204
4680
13500
73
306180
12960
5767201
44
15552
115200
1134
89
9
15
58
104976
322081025
32640
47628
28
112000
57344
79200
1680
170
16320
23040
126
110250
7897861
12768
84240
14
405000
57624
8064
1001604
168000
4725
7560
768
31104
133650
989447237
430080
4560
108000
2250
141120
92317161
5016
51030
110
961175759
194241
2720
2025
189
16800
967669583
46080
2600
10240
53760
331776
486000
4000
86016
589833267
29
87
42768
85712697
98
10368
38400
150528
5625
7920
17550
15750
75600
131980
16
36864
127008
2376
4480
1500
12000
75264
102
19440
21383
124416
209952
123480
44928
964532929
307200
29700
346742385
123
23814
67
52920
34944
164640
491520
5040
99000
136080
85050
68
2156
37800
3312
128000
174960
32768
20592
13680
11664
33696
1048576
66528
517759
33401221
792
19656
3371
2016
5304
118800
235200
243000
14336
90720
129024
181440
142884
448
23115571
35503
50000
1386
27
9425
23232
122880
230400
80640
49920
912
5376
20328
116640
622080
35
50688
3645
108
78000
700
49
43680
4032
17424
64152
15390
107
24480
816
16000
40320
27456
92
150000
696
2
29160
119
8000
12240
75
50544
38
2400
4896
24
22464
8826131
302400
89600
120000
80
10260
22680
954158175
1620
7025
4675
442368
15288
42000
524288
2730
81920
40960
77
21504
9409159
