960
114688
4200
1600
51030
100696425
5040
56448
124416
20160
15
8976
67584
14700
16380
281
633
4752
346742385
9450
460800
281250
103680
169344
63000
696
123
6300
388800
787320
132300
192000
53760
42768
393216
7290
900360029
10260
80640
16464
116
49896
41472
22950
29
26460
252000
129024
519
88704
31680
181440
257
52920
2736
33600
5625
69
21870
63180
9900
262440
21952
92317161
8960
86
112000
621008
103
998506315
108
115
217728
3509575
361
22
174960
18
44928
864
23232
3168
85050
672
938017885
70000
4725
245760
2268
105
300
93312
104976
7785
108000
35503
13122
786432
48238
90720
48510
7392
34111
56700
47
3864
3600
391
64152
13440
94080
63
144000
2097152
474
30720
43740
5616
33401221
3375
1680
78750
2688
214573
40
552960
48600
215040
28
9800
15840
3510
233280
409342369
17920
29952
957262828
47628
2940
60000
98
216000
48
59
105600
62208
813
19008
994617
67500
94
138240
2600
9000
211680
414720
1048576
135000
6552
56
2403381
3120
14
967669583
3696
13860
949106497
912
153600
8347
224
59400
2
72
4608
71
142560
19656
99
58800
14112
322081025
420
33
466560
2618049
125
5120
204120
91
7025
288000
73
7056
501
1249
155520
35280
373248
44800
75264
4410
8320
76800
67
64
19200
15750
12544
5601
82268566
11000
3456
129600
324000
69888
25600
25002
184320
782
5657
112
85
17
85712697
120
288
29700
5940
16
49920
405000
476014
10080
307200
67200
12150
25200
1824
162000
126
4788
43200
196608
3
95
1836
131220
34
30973
441
92
32400
999999937
81920
23
10368
13680
40824
28512
8316
20736
83
12288
375000
5600
79200
6930
268800
16320
28672
482421315
4680
32805
98304
221184
6840
54432
2250
52
42755209
345600
123480
172032
99000
74088
468
14688
1440
21384
39936
18720
50400
49
1260
9425
3264
3960
147456
33108
15120
7897861
524880
1000000000
4000
57344
186624
84579
179200
306180
32076
961175759
107520
4539685
57624
225792
1134
69120
9
1530
8064
18816
5304
34020
91857
25490988
55
47958485
111
75600
1520
12870
125440
64512
29484
19
21000
1323
5250
24576
180000
182250
998244353
78
54
9489
14560
8772
49500
2592
66
107
42120
999999999
5280
93
8000
64922375
340200
3072
1386
81648
46464
14040
18000
7
904152917
8250
640
491520
70400
1615
5824
1848
21
5346
5016
54600
69984
33750
12960
10
700
11016
279936
311040
1584
9100
87
8748
49280
94500
23400
48000
480000
981028563
1
12768
32768
88
42336
2340
7455307
115200
2376
8448
768
301056
42105
6075
2560
5767201
35100
124
157464
17820
70
4914
336000
71280
9240
53
26880
57600
72900
48384
7390
52488
82944
2880
15288
122877509
3780
65
8424
1620
36
300000
6750
2025
102
24
105840
1890
163296
8
2730
24300
37440
3024
546750
68
16128
816
1944
23115571
126720
2016
8100
133650
98415
46080
164640
916855204
646
1008
72000
364500
31500
84240
118800
28800
29400
151200
95040
4
85536
4800
35
193536
1701
37800
19440
30
1512
23100
536870912
127
4536
20328
23814
202500
101250
7680
18240
9504
92400
51
40950
24000
294912
74880
73728
1817
45
49000
954158175
4655
104
21840
68040
697106497
1800
270000
216
207360
28000
102060
362
8640
71805
15552
30030
58
989447237
7296
89
3371
504
39600
96
80949857
81000
23040
127008
78000
900
6399199
57024
2431
3645
1671
120000
16524
32
51840
8015864
6720
16200
6400
589833267
241920
12348
24750
40320
32256
725573
12800
34944
118272
45360
70560
226800
323
21600
34560
14400
161280
4312
5184
168960
67893369
55296
121
4050
10800
5297
587234
86400
518400
987
18480
150000
134400
746803744
4620
38
25920
189
314928
132000
22500
3584
1632
85881
27720
5073
194400
8660
33696
3240
432000
17280
9600
77760
163840
2310
230400
3564
47473
24192
41600
15390
1001604
128
10752
42
70235461
805306368
583200
90
22848
79548
10000
349920
33792
50688
13056
7500
22176
17640
5200
56160
84480
54000
115248
47040
135
625433749
12240
244944
65610
576
1741
97200
1960
46
665
2520
20480
9409159
448
22680
87480
31200
4733
27216
76032
641
6600
142884
61966
60
699840
2100
54880
198450
58320
200000
6480
15876
248832
160
50544
165888
360000
92160
83160
660
53940
2430
4158
4160
1920
59136
1764
1056
9180
653477439
31104
42000
21504
934
66528
16224
6
673921
192
7040
136080
52800
362880
5000
8087519
408240
17136
540
61440
96768
256000
2000
57
62
24480
97
117
3900
8624
7938
243000
201600
109
291600
18432
77
84000
4896
10500
112896
96000
37
38880
26
4032
22464
41580
517759
27456
70200
118
30240
20
9216
983900459
21168
236250
101
49392
4560
4675
8550
3528
170100
45000
2720
2352
32000
1904
2200
13
79
23760
209952
15680
7128
118263990
10560
99840
49152
7389
430080
9408
226151256
170
110
145800
259200
110250
524288
5808
969
2304
31
58054077
7200
100800
11340
27184698
7560
1100
5400
145152
4320
24696
688978813
38400
622080
105000
276480
65536
3000
28080
38016
194241
84
235200
81
16800
405
61740
472392
63360
302400
74
29250
922505446
86016
2906162
964532929
457481
63504
64680
50000
168000
141120
150528
10710
29120
17550
792
3157819
6765
393660
36864
395
66150
43
1500
12000
986129769
6804
34848
21383
240000
630
40960
11264
4374
32640
19800
4480
11232
139968
12096
20000
8400
27000
75
122
23328
2707
89100
38497
614400
95256
8208
322560
9827
44
20592
368640
11664
473
34300
44550
13824
5376
3360
94770
810
5520
119
82
176400
12672
14336
5721
432255
6541551
6037
35640
5044
13500
131980
4704
6000
193
7920
36283838
31752
1000000
1001
89600
396
486000
116640
567
559
1215
108864
3312
50
13230
459270
43680
64800
320
2160
282791
31590
7776
655360
16000
131
25
331776
4488
76
110592
29160
2070
11
926315427
113
15400
180
2400
129
1728
128000
8826131
60480
122880
5760
80
72576
106
2156
10240
2640
5
442368
510205
546
96228
4943
32670
11085765
999999998
17424
8372259
